1.000000000000000021e-02 1.929712806956613820e-03 7.940273687670886676e-03 1.281901119599972855e-02
1.023371798632519668e-02 1.842769311029532385e-03 7.585696168666962620e-03 1.225521053516645531e-02
1.047289838236358482e-02 1.763040569527901625e-03 7.247350598401680263e-03 1.172224295914220220e-02
1.071766885445502894e-02 1.691091518019414942e-03 6.928405666474140093e-03 1.121090656003731305e-02
1.096816005273138113e-02 1.614874352486291758e-03 6.621017974874699938e-03 1.076040007271996529e-02
1.122450568085306584e-02 1.545071505639964435e-03 6.338612525534355162e-03 1.028657162058370898e-02
1.148684256737553776e-02 1.476202074471691644e-03 6.046240123502044130e-03 9.837244311168903341e-03
1.175531073878369366e-02 1.416873692901429293e-03 5.785838547558598902e-03 9.417487486235907868e-03
1.203005349423324349e-02 1.355391299791136421e-03 5.524673601768676466e-03 8.981808705618736163e-03
1.231121748203890288e-02 1.295118215531260207e-03 5.283513828667900022e-03 8.583858544239035548e-03
1.259895277795027371e-02 1.238499076381341466e-03 5.049641133038207733e-03 8.192933148546301461e-03
1.289341296525715191e-02 1.185585886863319179e-03 4.835248339159462123e-03 7.811945932372203576e-03
1.319475521676706335e-02 1.133992371816388992e-03 4.622243955258258617e-03 7.461378097961427446e-03
1.350314037869873238e-02 1.084281490119991557e-03 4.418129104782496722e-03 7.137907570314579175e-03
1.381873305653632394e-02 1.040847805677129522e-03 4.230937341523976353e-03 6.839015018426749214e-03
1.414170170289023518e-02 9.988445996066885532e-04 4.050307284207220644e-03 6.550075478692961826e-03
1.447221870741134848e-02 9.557245398688954917e-04 3.870035128445211033e-03 6.264455854988655766e-03
1.481046048880675127e-02 9.143917897856591480e-04 3.705886530173964875e-03 5.977052309009234059e-03
1.515660758900603221e-02 8.800463764360369609e-04 3.541735637565276464e-03 5.715865883282788586e-03
1.551084476952840040e-02 8.495649772168005617e-04 3.383108047140960962e-03 5.456780004348985198e-03
1.587336111010208967e-02 8.157262886457256100e-04 3.237848443872625489e-03 5.228501080731004329e-03
1.624435010958866915e-02 7.851880534617231445e-04 3.103052882547724378e-03 5.009707481925223214e-03
1.662400978926612330e-02 7.558428726898784285e-04 2.970026075672541326e-03 4.820658456590982271e-03
1.701254279852588633e-02 7.281647343698212501e-04 2.839928006668275117e-03 4.615890396028467062e-03
1.741015652304015934e-02 7.020167030733566634e-04 2.711601625716955795e-03 4.411891188254866807e-03
1.781706319545730416e-02 6.742830278968120527e-04 2.598041998736209338e-03 4.224691721017129718e-03
1.823348000868441066e-02 6.498420143965237712e-04 2.489356246376884466e-03 4.036954624940509648e-03
1.865962923181745808e-02 6.261443472937581241e-04 2.384590038085896650e-03 3.881546144815839049e-03
1.909573832878097219e-02 6.044884712543994662e-04 2.283263337947317919e-03 3.730814757927798479e-03
1.954204007974053373e-02 5.843097061485980157e-04 2.196412581186434065e-03 3.591487600986200020e-03
1.999877270535286092e-02 5.649594529388404828e-04 2.107280090876571463e-03 3.459745327954448068e-03
2.046617999391989531e-02 5.470550628497304786e-04 2.021105178167764867e-03 3.319323347716320906e-03
2.094451143151469796e-02 5.306829534514323748e-04 1.936326051952281168e-03 3.205246172696290998e-03
2.143402233514856911e-02 5.161042428617823108e-04 1.860625803622427150e-03 3.079401651053852162e-03
2.193497398905059140e-02 5.016429196356695427e-04 1.786406870649477358e-03 2.963396572312946252e-03
2.244763378413223640e-02 4.894058145800897356e-04 1.724073724439718512e-03 2.852238102905037785e-03
2.297227536071152348e-02 4.771366265361399930e-04 1.662365659895902095e-03 2.751649339841665334e-03
2.350917875457286810e-02 4.638566668405314278e-04 1.601381862508743275e-03 2.656889048252212508e-03
2.405863054644065760e-02 4.530476053714130335e-04 1.543146960719902951e-03 2.549328171329147495e-03
2.462092401494625840e-02 4.411558123098771730e-04 1.485936767498368012e-03 2.451786823164177950e-03
2.519635929317014938e-02 4.316144042132705259e-04 1.435062084232204514e-03 2.368126678270385515e-03
2.578524352884273632e-02 4.216144016540499233e-04 1.387936096036429231e-03 2.291974821797900137e-03
2.638789104828933793e-02 4.132859423311706121e-04 1.339843633310546867e-03 2.217921120910146780e-03
2.700462352420682915e-02 4.056126957433736310e-04 1.302431981239003190e-03 2.149359688461849587e-03
2.763577014736158868e-02 3.979770078509998945e-04 1.266274338534691558e-03 2.087849310727738807e-03
2.828166780230031985e-02 3.908649405241628816e-04 1.229526503083437205e-03 2.027949441448520778e-03
2.894266124716751362e-02 3.844309001954242288e-04 1.190174467254025842e-03 1.963445155693533013e-03
2.961910329772554640e-02 3.774441583233911811e-04 1.160598409470781816e-03 1.916697777572219262e-03
3.031135501567578522e-02 3.723527319328702716e-04 1.129677434224758085e-03 1.877362823465378175e-03
3.101978590138097444e-02 3.671283179406523611e-04 1.101723756931481885e-03 1.832331109665702494e-03
3.174477409109192211e-02 3.619575537808123757e-04 1.078871682611185802e-03 1.790173486718275430e-03
3.248670655878375946e-02 3.572776850605436944e-04 1.058823349352978373e-03 1.764344982290994793e-03
3.324597932270940970e-02 3.529086654795184725e-04 1.042016732319353805e-03 1.735861915261741398e-03
3.402299765678068466e-02 3.485838802939074496e-04 1.021442005443770444e-03 1.721204908971485804e-03
3.481817630688965881e-02 3.447485126023544706e-04 1.006730350981611564e-03 1.698692649102430570e-03
3.563193971228584972e-02 3.411147223000493621e-04 9.894017317250967426e-04 1.685157647322827563e-03
3.646472223212747499e-02 3.370106575973760756e-04 9.742608948300902471e-04 1.669714065018105360e-03
3.731696837732752237e-02 3.335968410885391169e-04 9.611124467826580395e-04 1.654397361176381280e-03
3.818913304781854090e-02 3.296746516297071315e-04 9.509852322109719168e-04 1.643646511660669038e-03
3.908168177536266302e-02 3.269362635772417943e-04 9.373392288469817616e-04 1.632547556833849681e-03
3.999509097203665653e-02 3.238379321465986206e-04 9.250651781460085587e-04 1.630714917617248801e-03
4.092984818452439361e-02 3.214516278053286612e-04 9.173829720346793164e-04 1.618887174708111970e-03
4.188645235435269759e-02 3.186660662908292183e-04 9.079561883541101058e-04 1.613466028021664882e-03
4.286541408420926902e-02 3.169048010726598801e-04 8.985702110803205512e-04 1.606371755982990068e-03
4.386725591048498685e-02 3.155124725006663031e-04 8.959599649273620710e-04 1.586393131461829665e-03
4.489251258218605184e-02 3.141383640967633658e-04 8.887484430979385175e-04 1.578126412528567521e-03
4.594173134636475586e-02 3.136603629607643651e-04 8.808057940325516449e-04 1.584030349435742004e-03
4.701547224022131072e-02 3.120406585656881763e-04 8.830827729806528872e-04 1.575309340291055314e-03
4.811430839003258408e-02 3.121247053606206016e-04 8.829515949474669263e-04 1.564910484703407705e-03
4.923882631706738566e-02 3.113503366429650832e-04 8.785375190917242300e-04 1.563348760602664396e-03
5.038962625065150636e-02 3.118427600319288858e-04 8.755839929979349458e-04 1.573666579175795905e-03
5.156732244854967534e-02 3.150502586619144114e-04 8.848491196531732723e-04 1.581791097861877382e-03
5.277254352483538857e-02 3.189869653750946948e-04 8.918938999700193456e-04 1.610772867366393017e-03
5.400593278542370479e-02 3.254516384849964663e-04 9.008264734524748952e-04 1.637014203782073902e-03
5.526814857144603244e-02 3.322581330109340703e-04 9.085209461441796138e-04 1.645670331820528205e-03
5.655986461065005272e-02 3.375136039568554531e-04 9.217648702008135811e-04 1.665984519589396159e-03
5.788177037701275340e-02 3.428413464936563371e-04 9.315512212790574408e-04 1.662287083562606410e-03
5.923457145875803131e-02 3.441784383460660935e-04 9.414317076567768790e-04 1.683337819784442397e-03
6.061898993497574079e-02 3.458272971128759088e-04 9.438074957398440981e-04 1.685754586597673459e-03
6.203576476104272902e-02 3.458935680059389991e-04 9.405731662216347587e-04 1.692013736243911130e-03
6.348565216305217251e-02 3.448425792562660437e-04 9.424715825533096919e-04 1.689007046769171617e-03
6.496942604146122013e-02 3.439251971596080006e-04 9.451883444966440112e-04 1.705727412000394285e-03
6.648787838417262452e-02 3.382942481513434379e-04 9.311167516639763490e-04 1.715206572900054589e-03
6.804181968927099089e-02 3.255830865065599479e-04 9.155122795801529188e-04 1.695829395369196193e-03
6.963207939763885190e-02 3.167083873392170334e-04 8.976569430573549035e-04 1.694100677005935286e-03
7.125950633568407799e-02 3.145459047018637220e-04 8.969577260283857247e-04 1.688907382297937573e-03
7.292496916841446908e-02 3.155500597172760996e-04 8.997388870187999609e-04 1.701394084562994798e-03
7.462935686310134820e-02 3.156167370538376761e-04 9.009281722249863926e-04 1.704607336965886961e-03
7.637357916378020861e-02 3.176824396742971993e-04 9.052837747403013171e-04 1.728425561827542185e-03
7.815856707684087912e-02 3.203883709850552939e-04 9.107726610853692948e-04 1.736089869691759052e-03
7.998527336796708298e-02 3.239305679310878973e-04 9.182528265326400088e-04 1.753621377295420513e-03
8.185467307069027587e-02 3.268426402814943134e-04 9.313953786221307275e-04 1.761139919230817440e-03
8.376776400682917068e-02 3.290836033185593162e-04 9.398791279444934513e-04 1.767640240968151692e-03
8.572556731909321270e-02 3.315568877648523483e-04 9.487872975681994458e-04 1.777070667578592835e-03
8.772912801613362566e-02 3.351751196634591024e-04 9.556121232849806380e-04 1.795638707420813343e-03
8.977951553033323984e-02 3.390936823014429388e-04 9.644456188356244266e-04 1.827737715145251463e-03
9.187782428863335016e-02 3.411634027876119793e-04 9.744241494400542915e-04 1.841776416893189288e-03
9.402517429670130544e-02 3.432828442253053696e-04 9.729923087571759653e-04 1.847350469010159693e-03
9.622271173675138456e-02 3.443707055431673310e-04 9.782271097337393723e-04 1.836456375608509339e-03
9.847160957933771830e-02 3.450772249216977521e-04 9.710354858721671279e-04 1.833255448774074974e-03
1.007730682094461067e-01 3.444873375945909375e-04 9.622858437233132271e-04 1.845452508843017881e-03
1.031283160672184368e-01 3.433305504230505976e-04 9.683687334162691725e-04 1.833782951814310691e-03
1.055386103036523721e-01 3.452728862555244096e-04 9.761016959434044111e-04 1.839247077938500939e-03
1.080052374516252967e-01 3.466582287207510657e-04 9.786400613845081756e-04 1.862109598450528095e-03
1.105295141126021452e-01 3.486989397953557277e-04 9.876121521257010503e-04 1.882152126502898868e-03
1.131127876593921305e-01 3.512476401095887676e-04 9.965232557016408775e-04 1.910400022949571529e-03
1.157564369553304023e-01 3.505824846250054348e-04 1.004333792098603337e-03 1.924426860008206057e-03
1.184618730902683853e-01 3.498537050176294132e-04 1.003701935570957150e-03 1.914867440846190500e-03
1.212305401337652466e-01 3.487960963555664963e-04 9.987610908064612283e-04 1.916842146764016720e-03
1.240639159058831847e-01 3.515571986293908845e-04 9.994441566082274114e-04 1.928972086111044445e-03
1.269635127659973495e-01 3.535818416308737734e-04 1.004674233268223419e-03 1.908202421529620789e-03
1.299308784200415845e-01 3.556763158691477605e-04 1.013685890727467976e-03 1.922035301989555864e-03
1.329675967466211750e-01 3.585212563548303673e-04 1.023426167619478433e-03 1.967548629496455783e-03
1.360752886424332897e-01 3.606775410157369330e-04 1.033965936661115827e-03 1.998576029919947334e-03
1.392556128874462285e-01 3.649087623534905535e-04 1.048124441233601193e-03 2.016937212338602327e-03
1.425102670302998142e-01 3.682367796380019197e-04 1.059886924478293949e-03 2.036659387556647056e-03
1.458409882943985936e-01 3.701515067964055556e-04 1.077863896343227374e-03 2.051993212056614242e-03
1.492495545051829298e-01 3.710073125365059192e-04 1.081286770520537011e-03 2.081916883050160833e-03
1.527377850390713998e-01 3.701188276498531757e-04 1.076016951171754592e-03 2.090708167319571108e-03
1.563075417945816448e-01 3.687025611145158485e-04 1.078461687002985926e-03 2.140630733811203779e-03
1.599607301861487862e-01 3.712980112983851281e-04 1.094156825353427087e-03 2.140648227891249044e-03
1.636993001611702359e-01 3.773019921469667674e-04 1.120480243107957680e-03 2.203544337135897313e-03
1.675252472408214899e-01 3.828498363428837212e-04 1.131846310330568905e-03 2.214113226346666862e-03
1.714406135851970492e-01 3.899957494334025656e-04 1.129265082134405787e-03 2.238688672760483570e-03
1.754474890833458978e-01 3.945567230924333234e-04 1.138393778998385893e-03 2.185729646254990898e-03
1.795480124687830470e-01 3.960937994612445234e-04 1.143339112856469339e-03 2.198715480775651886e-03
1.837443724610726692e-01 3.933328380883390515e-04 1.139960967338659887e-03 2.209719292441201643e-03
1.880388089340915558e-01 3.886568587020087779e-04 1.137484601248479194e-03 2.279230001285830962e-03
1.924336141115979559e-01 3.890599595465858815e-04 1.141967656395614971e-03 2.304245933924185721e-03
1.969311337907422299e-01 3.927620571329328296e-04 1.152979901609489915e-03 2.327815267922833230e-03
2.015337685941732404e-01 4.037724805515026123e-04 1.174402220107867868e-03 2.378638810220363217e-03
2.062439752514091673e-01 4.102140388179182804e-04 1.193630610410719795e-03 2.418653382505117199e-03
2.110642679101554786e-01 4.116043830460212644e-04 1.214405999826239377e-03 2.439095961604570342e-03
2.159972194782718569e-01 4.052645825545269850e-04 1.197497194197772287e-03 2.462693457849053115e-03
2.210454629971021490e-01 4.039600171330521130e-04 1.199041294608271888e-03 2.477531708723804734e-03
2.262116930469024734e-01 4.104834097178985041e-04 1.225661468389928691e-03 2.500221434619662696e-03
2.314986671851160804e-01 4.246224948818767310e-04 1.254640588027187064e-03 2.535308749250429500e-03
2.369092074182632957e-01 4.325689085681332547e-04 1.276262636358990472e-03 2.563631254824115177e-03
2.424462017082327780e-01 4.344513107006148993e-04 1.283347295732600521e-03 2.644752577151685165e-03
2.481126055137769237e-01 4.323075085934869797e-04 1.260753286778466950e-03 2.585561442004782277e-03
2.539114433680347283e-01 4.324319996456529782e-04 1.257128109907617881e-03 2.562847348566613115e-03
2.598458104929248225e-01 4.398268392930225457e-04 1.303404890983907074e-03 2.607603827943771272e-03
2.659188744512694935e-01 4.480365599932880868e-04 1.350684228563347284e-03 2.740549821194359151e-03
2.721338768375308192e-01 4.431315482805348342e-04 1.348935607292913331e-03 2.891368566813535407e-03
2.784941350080644695e-01 4.396301157308346824e-04 1.337950182716050700e-03 2.850432302998318242e-03
2.850030438518106890e-01 4.442848113901352327e-04 1.339568707550450486e-03 2.800073765144877724e-03
2.916640776023702863e-01 4.502460066704678469e-04 1.391353018383075998e-03 2.949880088848126115e-03
2.984807916924325788e-01 4.488309488215499175e-04 1.412851288185463464e-03 3.108173477402553786e-03
3.054568246515432239e-01 4.480397605567795131e-04 1.394242416501068190e-03 3.031971031751005095e-03
3.125959000482279593e-01 4.553965803826528548e-04 1.393481303979493069e-03 2.874310515152259105e-03
3.199018284775065335e-01 4.656703466445618017e-04 1.437387707446797580e-03 3.020180918346457820e-03
3.273785095948574808e-01 4.559777815733036233e-04 1.479663254172003525e-03 3.201616242941419596e-03
3.350299341977230339e-01 4.429581499231161545e-04 1.449889284404362252e-03 3.197487569103869224e-03
3.428601863556586804e-01 4.545483823469470032e-04 1.446204152025988782e-03 3.117371895968557016e-03
3.508734455902711713e-01 4.706477489113538117e-04 1.493623583570902018e-03 3.255439702263363943e-03
3.590739891061055511e-01 4.558578324697149030e-04 1.498757222556606475e-03 3.344254432666887624e-03
3.674661940736689281e-01 4.397056974886069431e-04 1.431377557973740515e-03 3.280040885216010862e-03
3.760545399658171140e-01 4.516182339267622230e-04 1.468113441332072940e-03 3.255155925958284468e-03
3.848436109487430312e-01 4.702775720402767572e-04 1.533711530983332275e-03 3.431262379604759112e-03
3.938380983288485848e-01 4.606761426934528436e-04 1.515244672448685720e-03 3.449355975014186879e-03
4.030428030568051767e-01 4.438414095430153264e-04 1.497112649023983957e-03 3.406793854525321137e-03
4.124626382901352417e-01 4.606025694733652254e-04 1.541660911068225672e-03 3.531404276318394955e-03
4.221026320156899270e-01 4.618002512419679888e-04 1.544857817718565994e-03 3.526815663194923876e-03
4.319679297334173551e-01 4.462636574944348934e-04 1.545575713944456276e-03 3.568987208867775100e-03
4.420637972028529927e-01 4.511823913984942401e-04 1.567886254374153791e-03 3.717789539404389634e-03
4.523956232538052791e-01 4.629042997865771662e-04 1.586491504322375947e-03 3.806349875463021625e-03
4.629689226627267118e-01 4.556549761848919795e-04 1.599801099913519169e-03 3.804638395093149980e-03
4.737893390963142659e-01 4.592638251960151543e-04 1.636020437503028779e-03 3.837417169657762316e-03
4.848626481239081687e-01 4.656596305189922096e-04 1.649250112802383211e-03 3.934014993225264621e-03
4.961947603002903051e-01 4.641939399475331161e-04 1.677099824674502119e-03 3.987339886455412014e-03
5.077917243205398723e-01 4.677133446719318639e-04 1.714502355185668764e-03 4.113541450022545343e-03
5.196597302486196668e-01 4.765165163406372552e-04 1.746950829057462590e-03 4.231832386515297674e-03
5.318051128214201784e-01 4.789321117815305935e-04 1.776189885213443845e-03 4.309769563003903667e-03
5.442343548300264677e-01 4.844738789261258038e-04 1.807255539848845330e-03 4.379105054362484456e-03
5.569540905800132169e-01 4.898290620625527989e-04 1.824520380576834201e-03 4.472314813171293126e-03
5.699711094326076477e-01 4.956270082301759842e-04 1.851531884448762069e-03 4.593314407982304441e-03
5.832923594286201219e-01 5.025921957317935678e-04 1.886832732935173019e-03 4.675871917629944099e-03
5.969249509970734335e-01 5.093615837913928902e-04 1.913615729673576790e-03 4.742721106826047230e-03
6.108761607505033275e-01 5.156596176196807848e-04 1.937618291030014000e-03 4.770197668257616236e-03
6.251534353689711665e-01 5.220384577770361724e-04 1.956031370234767759e-03 4.844213617142795192e-03
6.397643955748423261e-01 5.285763422184459664e-04 1.982754403184359363e-03 4.874819673261472468e-03
6.547168402004734933e-01 5.341150171188096705e-04 2.016006543935012791e-03 5.008149699661195234e-03
6.700187503509588138e-01 5.382427727066093921e-04 2.044884181301965913e-03 5.106169572627011592e-03
6.856782936641735438e-01 5.450652008874929061e-04 2.068930074097397129e-03 5.175806119058878017e-03
7.017038286703827232e-01 5.501076683526420937e-04 2.107555998263258620e-03 5.279739555087939462e-03
7.181039092537352397e-01 5.551751684869829203e-04 2.142547912169753647e-03 5.388256276184845948e-03
7.348872892180382532e-01 5.595797629671110836e-04 2.182498571249729975e-03 5.505329208487460581e-03
7.520629269592409294e-01 5.640740475343851944e-04 2.214211106627160877e-03 5.558477147513877885e-03
7.696399902471160459e-01 5.699482524744821019e-04 2.247362549671537164e-03 5.629463649182834574e-03
7.876278611187057521e-01 5.741026184036116843e-04 2.276126790439476737e-03 5.621335685864902072e-03
8.060361408861345112e-01 5.791013131011686329e-04 2.279242078805854103e-03 5.629880426914125879e-03
8.248746552614583116e-01 5.830074398259576336e-04 2.282168560199256558e-03 5.683959118534513515e-03
8.441534596012983949e-01 5.856750082077290037e-04 2.294388931095370145e-03 5.680442228761317137e-03
8.638828442740452696e-01 5.896564896689283778e-04 2.298075322921963159e-03 5.691511808247395020e-03
8.840733401525061597e-01 5.944331169553456959e-04 2.306591606386609958e-03 5.744956623646652397e-03
9.047357242349299833e-01 5.968762239874442427e-04 2.326374016414091417e-03 5.805854721433452090e-03
9.258810253973953630e-01 6.002535108476937100e-04 2.334225220661730743e-03 5.828591518090293043e-03
9.475205302806545271e-01 6.053949781764727481e-04 2.350841395740780205e-03 5.800695249670609517e-03
9.696657893145517182e-01 6.077816313026461730e-04 2.357247083863936877e-03 5.823259353948509291e-03
9.923286228832540745e-01 6.118132111737604496e-04 2.373429135021713678e-03 5.790485023032089854e-03
1.015521127634567700e+00 6.138555663662880260e-04 2.395060394679621955e-03 5.749062746910788523e-03
1.039255682936712555e+00 6.166677998138797275e-04 2.400694587132030152e-03 5.731406824113279008e-03
1.063544957486010523e+00 6.204570200341093938e-04 2.414506226019032774e-03 5.753859240713883778e-03
1.088401916069005715e+00 6.235559782960240806e-04 2.433089921582852824e-03 5.739062709714661675e-03
1.113839826482619699e+00 6.261333898754315981e-04 2.447482504052806394e-03 5.738608546233625249e-03
1.139872266616051455e+00 6.284035707689707498e-04 2.468782251119312071e-03 5.736078843700056357e-03
1.166513131698196259e+00 6.334679517042380659e-04 2.467880295868551867e-03 5.716796877430056247e-03
1.193776641714435760e+00 6.373026238787352039e-04 2.471313785257880143e-03 5.700452209834391999e-03
1.221677348996791812e+00 6.404314991269769537e-04 2.471379912528469131e-03 5.634298027617012233e-03
1.250230145991455766e+00 6.433914056328719029e-04 2.474862369008453550e-03 5.595331335824141328e-03
1.279450273207873412e+00 6.484072945741680511e-04 2.471871646980366901e-03 5.599458582088757269e-03
1.309353327353610430e+00 6.504489216268920758e-04 2.465314253189195004e-03 5.585883149598620638e-03
1.339955269659337977e+00 6.513464701907660092e-04 2.471007794166913546e-03 5.565483877149553053e-03
1.371272434398400186e+00 6.522597162309542963e-04 2.461813870111629644e-03 5.558468478255679419e-03
1.403321537605485503e+00 6.546845229538176148e-04 2.472391135285423921e-03 5.569312028286465925e-03
1.436119685999078133e+00 6.564070406967287752e-04 2.472626226478765333e-03 5.591325358548551380e-03
1.469684386112446450e+00 6.579805232584132278e-04 2.475166933490467649e-03 5.615992587701694808e-03
1.504033553638025600e+00 6.600719501309095264e-04 2.464958596026929367e-03 5.604479129443788905e-03
1.539185522990205834e+00 6.620663049028004902e-04 2.446119603332313000e-03 5.630592507633642822e-03
1.575159057091622961e+00 6.657188214928168443e-04 2.445166979532743465e-03 5.588013643550444887e-03
1.611973357388157169e+00 6.683700093786546989e-04 2.443042674381171002e-03 5.564432423990722104e-03
1.649648074098020611e+00 6.691162632799664946e-04 2.442041606142515350e-03 5.534774375038208939e-03
1.688203316700362722e+00 6.695725724169703831e-04 2.448976812627893639e-03 5.580711245286341070e-03
1.727659664669034756e+00 6.719729126923216318e-04 2.447835712694157798e-03 5.629711297440208664e-03
1.768038178457206566e+00 6.710519381662771775e-04 2.461084037236541643e-03 5.649801627735159294e-03
1.809360410738716007e+00 6.725694313427559240e-04 2.456980476564181882e-03 5.735566026732416729e-03
1.851648417912153954e+00 6.727013945611661242e-04 2.448997096119705143e-03 5.762509078052589426e-03
1.894924771873820912e+00 6.740081205100364407e-04 2.450289953886858850e-03 5.833826332439935244e-03
1.939212572065828644e+00 6.737551511287539910e-04 2.448162556008966987e-03 5.789686693593801801e-03
1.984535457805802094e+00 6.764244786137602918e-04 2.447836098960746824e-03 5.807229681021964206e-03
2.030917620904735710e+00 6.772850291198599703e-04 2.449869780999995496e-03 5.772522278567775167e-03
2.078383818579756070e+00 6.773748354964070949e-04 2.458994852674214159e-03 5.772778704148476617e-03
2.126959386668690222e+00 6.762464757273180293e-04 2.460440984685026162e-03 5.828909397175886971e-03
2.176670253153459633e+00 6.765436595728891887e-04 2.463083345885860777e-03 5.849630155839844262e-03
2.227542951999556653e+00 6.766004009004184059e-04 2.476459502812026255e-03 5.891342680841105649e-03
2.279604637318979776e+00 6.792758603869302305e-04 2.481449821961434401e-03 5.930272576809394840e-03
2.332883097864158373e+00 6.763344146124215502e-04 2.487461799522804138e-03 5.953147887474105268e-03
2.387406771860646870e+00 6.835601279295638009e-04 2.502212252756589282e-03 5.924871290664088241e-03
2.443204762186488743e+00 6.810586163139828236e-04 2.498256808384465184e-03 5.967154036229793158e-03
2.500306851906323846e+00 6.812571018819739942e-04 2.507676655074796840e-03 5.939321328291705462e-03
2.558743520168588859e+00 6.831408354313881805e-04 2.515893657315903913e-03 5.941376172573435525e-03
2.618545958474234325e+00 6.825849608096879644e-04 2.523267435054226196e-03 6.019884308620443089e-03
2.679746087325690862e+00 6.834643111066360591e-04 2.531291972600280011e-03 6.034886205868630893e-03
2.742376573264950768e+00 6.869810776405019118e-04 2.529648104494701746e-03 6.014790265018252896e-03
2.806470846309837341e+00 6.889373753165186753e-04 2.533556486429238211e-03 6.076079671645241015e-03
2.872063117797826415e+00 6.893863186270800724e-04 2.543097047555045211e-03 6.081579666191722598e-03
2.939188398646884970e+00 6.871518845034311042e-04 2.551333632261883720e-03 6.111375742108483659e-03
3.007882518043096809e+00 6.849773202368007524e-04 2.570050482323596366e-03 6.111701825548689071e-03
3.078182142565077495e+00 6.842362683986143819e-04 2.580339656900744374e-03 6.138510009227019122e-03
3.150124795755328222e+00 6.857043857472200615e-04 2.588985456096058301e-03 6.185648553789670559e-03
3.223748878149027330e+00 6.858384102853336229e-04 2.593011481680574000e-03 6.239564171056167889e-03
3.299093687770938921e+00 6.861067093890354900e-04 2.610039260268876091e-03 6.295091795291541011e-03
3.376199441111339627e+00 6.882186013900788929e-04 2.615290201030912118e-03 6.339460549602518764e-03
3.455107294592218103e+00 6.889980367626930609e-04 2.617796873591083512e-03 6.391986429024464934e-03
3.535859366535178960e+00 6.899836000987602047e-04 2.606227560282141451e-03 6.409880558722712805e-03
3.618498759642745810e+00 6.911330897998363204e-04 2.616602987605645692e-03 6.435240273257532978e-03
3.703069584005140413e+00 6.876503037278302579e-04 2.627187567037549305e-03 6.545472299073766716e-03
3.789616980644718414e+00 6.857800182650757416e-04 2.633543983027986177e-03 6.500437754814160363e-03
3.878187145610722197e+00 6.869468298709004248e-04 2.650301652106728297e-03 6.586473039583646064e-03
3.968827354637163740e+00 6.863343853147436859e-04 2.647298310506915938e-03 6.594208830366411755e-03
4.061585988376976708e+00 6.879409384737218604e-04 2.656446852721493484e-03 6.573910588343748369e-03
4.156512558225989196e+00 6.890523941028992971e-04 2.653543757509560248e-03 6.599455208308542022e-03
4.253657732750387943e+00 6.883913831176452502e-04 2.646245584929176036e-03 6.695307397850185256e-03
4.353073364731888439e+00 6.896755171286323956e-04 2.654092889291177846e-03 6.714245514578388342e-03
4.454812518844988745e+00 6.889559631404249375e-04 2.654812667933462329e-03 6.680751136611439572e-03
4.558929499981063671e+00 6.852481749223648510e-04 2.660951090340358833e-03 6.718747916296562671e-03
4.665479882234473408e+00 6.822266043957848003e-04 2.669496039398271906e-03 6.722534567682801436e-03
4.774520538566126682e+00 6.835546388653953274e-04 2.679624777471684496e-03 6.677748391919192256e-03
4.886109671160325796e+00 6.838974886411425648e-04 2.694098730514193647e-03 6.735108936717451936e-03
5.000306842491089476e+00 6.836785795327416293e-04 2.695433104131239339e-03 6.739477228880560999e-03
5.117173007114604211e+00 6.835810686645520714e-04 2.696405418701940115e-03 6.787852967535158363e-03
5.236770544204648381e+00 6.827628293245557043e-04 2.700552083490833765e-03 6.846140220720312378e-03
5.359163290848512062e+00 6.831305500355647296e-04 2.691850267908843519e-03 6.949676758497238226e-03
5.484416576121017073e+00 6.844065740194420384e-04 2.688666903724643877e-03 6.912768333724669985e-03
5.612597255954969278e+00 6.833123058666265614e-04 2.693763843239690373e-03 6.951591924009416744e-03
5.743773748826583869e+00 6.819229109243593340e-04 2.690342179866822038e-03 6.960778925744543454e-03
5.878016072274907522e+00 6.813088774404059671e-04 2.703879227417585376e-03 7.043490820437800504e-03
6.015395880274834184e+00 6.840288603356175709e-04 2.718617858170425342e-03 7.066058614789800726e-03
6.155986501483509343e+00 6.866354372566574240e-04 2.727871259899453723e-03 7.133533283670453508e-03
6.299862978380688538e+00 6.869849566370266145e-04 2.745776519709337751e-03 7.136480583404029680e-03
6.447102107323869902e+00 6.879060912049674709e-04 2.770691040665323578e-03 7.153838327640024523e-03
6.597782479539539224e+00 6.889861274582624161e-04 2.787695819164314262e-03 7.220596442150973952e-03
6.751984523072501077e+00 6.921995002131409863e-04 2.807866371742776760e-03 7.268113966239997392e-03
6.909790545715643439e+00 6.952160050464538344e-04 2.819084422718414005e-03 7.378559057214062293e-03
7.071284778943001115e+00 6.975877283208274226e-04 2.837538841212378093e-03 7.447114654847206312e-03
7.236553422869654639e+00 6.991933608130179983e-04 2.850573826881590018e-03 7.534134925657002060e-03
7.405684692262440194e+00 7.030297035943699211e-04 2.875938389881093748e-03 7.589324988064242994e-03
7.578768863625927388e+00 7.084302160488423553e-04 2.893254453684438159e-03 7.688027384034735491e-03
7.755898323389005533e+00 7.148909989861403731e-04 2.908694036680177421e-03 7.764817440570772819e-03
7.937167617217554039e+00 7.188169920792935501e-04 2.912704983066223812e-03 7.791931550427195347e-03
8.122673500479713482e+00 7.245157295547349947e-04 2.919714617668202946e-03 7.834001234751036477e-03
8.312514989890626538e+00 7.315634356897491057e-04 2.931737148495221126e-03 7.835150821021194534e-03
8.506793416364146765e+00 7.380922221634891910e-04 2.970296438366270674e-03 7.932624671296463828e-03
8.705612479099858803e+00 7.494961397883513534e-04 3.001356365944689211e-03 7.981917861285672822e-03
8.909078300934133665e+00 7.611581194410228877e-04 3.013293450490472838e-03 8.099418855119982358e-03
9.117299484984913605e+00 7.705627800711728308e-04 3.036463843961564359e-03 8.298719182179656317e-03
9.330387172620360658e+00 7.837353904310405016e-04 3.062271214498609503e-03 8.403479988505237891e-03
9.548455102782284598e+00 7.985357209375188413e-04 3.102610554388812204e-03 8.553792083196877505e-03
9.771619672696171932e+00 8.123810847585431066e-04 3.149408687035731933e-03 8.777397560216041242e-03
9.999999999999998224e+00 8.265568990296492209e-04 3.187750828090438280e-03 8.962595174692762276e-03
