1.000000000000000021e-02 4.213546262665434847e-03 1.051286595598982694e-02 1.584801352231797467e-02
1.023371798632519668e-02 4.027446710335823646e-03 1.006400428754790875e-02 1.515901827068741499e-02
1.047289838236358482e-02 3.848570199526608719e-03 9.641148929117691196e-03 1.449890179643507741e-02
1.071766885445502894e-02 3.677035756712125625e-03 9.223980882711792229e-03 1.387971151795129067e-02
1.096816005273138113e-02 3.514698683122590740e-03 8.812091902715129405e-03 1.326774242268914487e-02
1.122450568085306584e-02 3.358058973726285937e-03 8.422956257902671981e-03 1.268745126518573858e-02
1.148684256737553776e-02 3.213068958960243592e-03 8.052817182780946936e-03 1.213327636048071659e-02
1.175531073878369366e-02 3.072333555886527356e-03 7.702959850359715477e-03 1.160955636418362601e-02
1.203005349423324349e-02 2.942732872538354055e-03 7.353961750842687509e-03 1.110259293975026339e-02
1.231121748203890288e-02 2.815032579549335903e-03 7.029698269645758002e-03 1.062370467085662316e-02
1.259895277795027371e-02 2.693515764250886159e-03 6.741891615383248555e-03 1.016874103908251004e-02
1.289341296525715191e-02 2.570899994824219284e-03 6.442716520249366398e-03 9.780222852673664188e-03
1.319475521676706335e-02 2.460958124401985744e-03 6.154270029188589793e-03 9.374857096799211337e-03
1.350314037869873238e-02 2.354635526695023854e-03 5.890731644215675342e-03 8.971988163379530576e-03
1.381873305653632394e-02 2.244828519552991269e-03 5.630431705631770006e-03 8.568300602875330435e-03
1.414170170289023518e-02 2.148399581278910911e-03 5.398770338912476860e-03 8.209353603136865934e-03
1.447221870741134848e-02 2.055098421779692330e-03 5.147411803497000012e-03 7.901503823406832994e-03
1.481046048880675127e-02 1.962553939485720683e-03 4.917355751732042923e-03 7.512959347228390615e-03
1.515660758900603221e-02 1.878224845467859954e-03 4.698447708128448801e-03 7.172074131227440009e-03
1.551084476952840040e-02 1.798023609846054020e-03 4.489639883791292883e-03 6.880086484933023959e-03
1.587336111010208967e-02 1.716875672541967081e-03 4.295444536021582847e-03 6.580224935033745712e-03
1.624435010958866915e-02 1.641012464930013178e-03 4.106330805522681593e-03 6.314027569944822942e-03
1.662400978926612330e-02 1.566081394759602594e-03 3.935337942083604393e-03 6.050241133765967526e-03
1.701254279852588633e-02 1.498254054325784401e-03 3.761809530690763542e-03 5.798972913092130012e-03
1.741015652304015934e-02 1.431105095441626831e-03 3.604163117265714138e-03 5.556382024508950759e-03
1.781706319545730416e-02 1.369311510764690751e-03 3.443652765671930543e-03 5.300164477437419031e-03
1.823348000868441066e-02 1.309881587121632714e-03 3.294032133260952309e-03 5.059291288772966091e-03
1.865962923181745808e-02 1.254343569730221762e-03 3.152946087335986754e-03 4.852933572387275844e-03
1.909573832878097219e-02 1.199652161333712502e-03 3.012172648531045299e-03 4.643989324021276233e-03
1.954204007974053373e-02 1.148845253282020692e-03 2.878361176543812409e-03 4.449301242149984216e-03
1.999877270535286092e-02 1.102298597495818050e-03 2.750185791413578378e-03 4.266504007290089495e-03
2.046617999391989531e-02 1.053806439703747818e-03 2.633425852026849250e-03 4.085439667527316146e-03
2.094451143151469796e-02 1.007857394029922863e-03 2.519626901381086595e-03 3.912374009528953728e-03
2.143402233514856911e-02 9.650417359495669454e-04 2.412323016490232428e-03 3.756468163040758632e-03
2.193497398905059140e-02 9.251815773207223330e-04 2.308773252353478467e-03 3.594928101609290699e-03
2.244763378413223640e-02 8.854897894402005394e-04 2.214443617390392249e-03 3.459517147355218800e-03
2.297227536071152348e-02 8.497253534391086688e-04 2.118390767972693628e-03 3.324538663214203753e-03
2.350917875457286810e-02 8.143070337279288782e-04 2.028464917964058287e-03 3.203058408011177742e-03
2.405863054644065760e-02 7.812646972664295374e-04 1.941067010258557121e-03 3.065644192397750257e-03
2.462092401494625840e-02 7.509640456578277942e-04 1.865465181935373412e-03 2.927085543981886289e-03
2.519635929317014938e-02 7.211181645568381839e-04 1.791705594609503118e-03 2.814853253022136636e-03
2.578524352884273632e-02 6.910337464422300433e-04 1.719267753279133098e-03 2.690585067308081096e-03
2.638789104828933793e-02 6.634352083145270661e-04 1.649594576407585394e-03 2.569863394863359813e-03
2.700462352420682915e-02 6.367003634569776485e-04 1.582777878621433260e-03 2.460580834439841415e-03
2.763577014736158868e-02 6.131064860767479517e-04 1.518833699195505128e-03 2.373519864827730846e-03
2.828166780230031985e-02 5.900992788534501670e-04 1.458357449186344990e-03 2.292026586899566232e-03
2.894266124716751362e-02 5.681914629786532535e-04 1.403387459892496561e-03 2.209302566253936763e-03
2.961910329772554640e-02 5.484103885125550699e-04 1.350239806608986024e-03 2.146122046898811964e-03
3.031135501567578522e-02 5.297243551576826404e-04 1.303185977080638294e-03 2.082043649943775016e-03
3.101978590138097444e-02 5.118515218538242754e-04 1.258476635773117004e-03 2.009821161224572932e-03
3.174477409109192211e-02 4.949441570094309387e-04 1.221120553434624535e-03 1.954994584296287832e-03
3.248670655878375946e-02 4.801087082401769325e-04 1.181189061149777756e-03 1.899472439543476191e-03
3.324597932270940970e-02 4.668474793092491893e-04 1.145301959546869090e-03 1.855061525716923633e-03
3.402299765678068466e-02 4.533734527960678090e-04 1.112526434911596286e-03 1.812698835029495159e-03
3.481817630688965881e-02 4.420545724506840706e-04 1.083825179907497603e-03 1.770578759485419732e-03
3.563193971228584972e-02 4.302121193010548955e-04 1.057879038626047957e-03 1.732526342394919783e-03
3.646472223212747499e-02 4.169610734194415143e-04 1.033054859311351723e-03 1.703176748274162940e-03
3.731696837732752237e-02 4.061015927008880099e-04 1.011097569842032149e-03 1.677246014593679639e-03
3.818913304781854090e-02 3.952885981576552302e-04 9.915994507324185289e-04 1.656907358356508311e-03
3.908168177536266302e-02 3.874594461060051009e-04 9.763922287830549725e-04 1.630520090180637366e-03
3.999509097203665653e-02 3.793580446858470321e-04 9.570289444061293215e-04 1.606983848333964253e-03
4.092984818452439361e-02 3.716762591962487574e-04 9.419655941056244083e-04 1.588962682472503394e-03
4.188645235435269759e-02 3.639509541272499017e-04 9.241338207250453761e-04 1.564836668083958819e-03
4.286541408420926902e-02 3.564537434421839648e-04 9.139864285271755368e-04 1.540238985412779133e-03
4.386725591048498685e-02 3.494686667519504401e-04 9.001696369358437285e-04 1.532296511297518045e-03
4.489251258218605184e-02 3.416703103732334889e-04 8.898341338079263736e-04 1.516548603564374636e-03
4.594173134636475586e-02 3.343169453854671512e-04 8.775874667323289857e-04 1.501157015784992162e-03
4.701547224022131072e-02 3.269328035631918913e-04 8.619815873340300975e-04 1.468949168479018056e-03
4.811430839003258408e-02 3.203864008402099064e-04 8.531153133975594161e-04 1.468704320202260469e-03
4.923882631706738566e-02 3.153723187543614088e-04 8.412358848253705980e-04 1.448507306101410848e-03
5.038962625065150636e-02 3.103173936257624683e-04 8.347749396661071188e-04 1.457470145755682903e-03
5.156732244854967534e-02 3.069951244664403120e-04 8.308417223116661230e-04 1.437487439506088737e-03
5.277254352483538857e-02 3.056805687157313693e-04 8.228362214580149788e-04 1.444858803116764318e-03
5.400593278542370479e-02 3.055467113345313899e-04 8.171376811771575467e-04 1.461271086501302312e-03
5.526814857144603244e-02 3.070370939343457293e-04 8.276977211878207936e-04 1.464503447327300881e-03
5.655986461065005272e-02 3.099932660087693719e-04 8.363002101761684605e-04 1.454139021239698277e-03
5.788177037701275340e-02 3.130186325609658239e-04 8.333520415195319391e-04 1.452063727834472561e-03
5.923457145875803131e-02 3.123503284455247139e-04 8.349321119416645235e-04 1.431314669104828338e-03
6.061898993497574079e-02 3.086091309998389054e-04 8.278183745551541666e-04 1.430986043795516452e-03
6.203576476104272902e-02 3.055718981760800388e-04 8.267549197794353067e-04 1.415455111413946353e-03
6.348565216305217251e-02 3.042089592809509913e-04 8.209586328381013624e-04 1.423970932426529964e-03
6.496942604146122013e-02 2.990570741528128843e-04 8.206489582119609431e-04 1.420377733926811697e-03
6.648787838417262452e-02 2.932662620356581802e-04 8.253788797257647671e-04 1.449572203984522949e-03
6.804181968927099089e-02 2.801168319677900293e-04 8.062167740425313584e-04 1.450096192337754558e-03
6.963207939763885190e-02 2.736750911385339735e-04 7.866512118569331203e-04 1.444650723042648121e-03
7.125950633568407799e-02 2.700994095114102865e-04 7.882964489097999197e-04 1.460855328876646238e-03
7.292496916841446908e-02 2.682085447249134280e-04 7.873133378555085323e-04 1.479416180321048565e-03
7.462935686310134820e-02 2.666842729004954382e-04 7.903468396650480338e-04 1.479523364655437523e-03
7.637357916378020861e-02 2.684097365679687791e-04 7.933052480870504772e-04 1.486167769901647253e-03
7.815856707684087912e-02 2.701941008147489324e-04 8.049930216735567707e-04 1.521898544785154316e-03
7.998527336796708298e-02 2.708176078394921920e-04 8.098600287201180008e-04 1.538547698639440488e-03
8.185467307069027587e-02 2.740119780650586336e-04 8.163636842953344436e-04 1.557338365598833450e-03
8.376776400682917068e-02 2.782281526076331750e-04 8.201200455928065770e-04 1.563789245106759649e-03
8.572556731909321270e-02 2.794242454954346498e-04 8.289608990281882714e-04 1.598723664905778467e-03
8.772912801613362566e-02 2.813913652061861238e-04 8.417389869349613512e-04 1.615237120147260032e-03
8.977951553033323984e-02 2.834682486537175609e-04 8.506829298598670135e-04 1.622487317087559049e-03
9.187782428863335016e-02 2.874096072879041264e-04 8.672173070908389654e-04 1.641323458086228109e-03
9.402517429670130544e-02 2.902975331550770692e-04 8.689962738671946820e-04 1.678668102575173529e-03
9.622271173675138456e-02 2.925538147068273672e-04 8.723274405320309913e-04 1.695960389244847120e-03
9.847160957933771830e-02 2.922976562464269477e-04 8.710095897868136341e-04 1.712173167150101262e-03
1.007730682094461067e-01 2.894353142128888853e-04 8.825552349186140035e-04 1.761177456472490504e-03
1.031283160672184368e-01 2.861120532508949462e-04 8.744498016021790736e-04 1.793293601077795667e-03
1.055386103036523721e-01 2.843904018675641075e-04 8.751044665737781232e-04 1.791154747634748044e-03
1.080052374516252967e-01 2.856277623276492431e-04 8.716023904356446110e-04 1.820354156301107413e-03
1.105295141126021452e-01 2.867820237446669514e-04 8.991461376319710057e-04 1.804436971522893575e-03
1.131127876593921305e-01 2.870408600145463564e-04 9.168716363927431742e-04 1.822644507778683467e-03
1.157564369553304023e-01 2.889879673056237734e-04 9.291020184510768304e-04 1.816680423268784593e-03
1.184618730902683853e-01 2.923184722766417466e-04 9.384243743372065088e-04 1.844749401936291236e-03
1.212305401337652466e-01 2.945625153127328635e-04 9.394864654382412356e-04 1.892391904349688013e-03
1.240639159058831847e-01 2.944075566930557503e-04 9.533449223356560507e-04 1.905952671484259292e-03
1.269635127659973495e-01 2.959143359283599307e-04 9.524739040738336047e-04 1.942988352228565418e-03
1.299308784200415845e-01 3.017328914392011872e-04 9.510584900300900332e-04 1.946878427557591088e-03
1.329675967466211750e-01 3.044457821873756639e-04 9.453807830123384581e-04 1.971683833706443408e-03
1.360752886424332897e-01 3.050086544072964229e-04 9.652650934051890553e-04 1.996666994611746501e-03
1.392556128874462285e-01 3.088224657166736592e-04 9.999320936572948446e-04 2.047498459249970544e-03
1.425102670302998142e-01 3.134043156645687400e-04 1.009573792257300283e-03 2.057288647917132705e-03
1.458409882943985936e-01 3.199025774867621328e-04 1.025025154697234127e-03 2.133911534739275917e-03
1.492495545051829298e-01 3.247617722417228420e-04 1.021915257036698109e-03 2.182276980304348468e-03
1.527377850390713998e-01 3.283217992494706053e-04 1.054223091237109630e-03 2.241708931736804272e-03
1.563075417945816448e-01 3.270467530345019412e-04 1.062734165790382365e-03 2.317319955389760770e-03
1.599607301861487862e-01 3.262975952378891127e-04 1.084582086371360535e-03 2.371554839109949603e-03
1.636993001611702359e-01 3.307571847231823253e-04 1.112949194508742025e-03 2.411386981332925682e-03
1.675252472408214899e-01 3.358107942751395003e-04 1.127274607991076046e-03 2.484230300974429005e-03
1.714406135851970492e-01 3.421344388078889111e-04 1.149109857961072133e-03 2.533838213780516789e-03
1.754474890833458978e-01 3.447261693887804603e-04 1.156558753785164083e-03 2.549880017154603721e-03
1.795480124687830470e-01 3.504183476145605273e-04 1.161933728709388164e-03 2.627693409316363745e-03
1.837443724610726692e-01 3.514677829666660040e-04 1.167592001945782143e-03 2.687022053069614089e-03
1.880388089340915558e-01 3.516879478164933637e-04 1.173363795409827380e-03 2.721689595864020678e-03
1.924336141115979559e-01 3.505316001390350474e-04 1.181616389931781008e-03 2.738001744650197296e-03
1.969311337907422299e-01 3.534802055926566521e-04 1.216957862912329113e-03 2.794642021942748359e-03
2.015337685941732404e-01 3.569984345779254843e-04 1.223894074220415297e-03 2.818761156379877286e-03
2.062439752514091673e-01 3.625399672043782130e-04 1.247204555702073787e-03 2.922903953810462602e-03
2.110642679101554786e-01 3.721066546030095249e-04 1.282431484212643831e-03 2.998307356971372135e-03
2.159972194782718569e-01 3.804014349645092811e-04 1.304748153379844088e-03 3.094016949509446543e-03
2.210454629971021490e-01 3.878190619081608569e-04 1.350372048627000070e-03 3.171292633099101390e-03
2.262116930469024734e-01 3.910007469554649460e-04 1.376833148477300383e-03 3.264691472121181680e-03
2.314986671851160804e-01 3.936455566438957750e-04 1.372682975491447454e-03 3.336116144854970982e-03
2.369092074182632957e-01 3.966188643465122813e-04 1.403892520564624944e-03 3.391075902526230305e-03
2.424462017082327780e-01 4.042498582943849172e-04 1.436663407411203214e-03 3.492654969242948472e-03
2.481126055137769237e-01 4.168970522266786057e-04 1.494080668308861003e-03 3.606938040251078149e-03
2.539114433680347283e-01 4.217016196429580581e-04 1.496594989814406182e-03 3.628815655940760988e-03
2.598458104929248225e-01 4.199225949836549914e-04 1.508119363619031409e-03 3.734665147503562176e-03
2.659188744512694935e-01 4.206594605618207082e-04 1.540840068437939045e-03 3.851068807821155914e-03
2.721338768375308192e-01 4.241958455773904286e-04 1.579045929541843078e-03 3.914502381328852434e-03
2.784941350080644695e-01 4.344062410999822922e-04 1.577802553401326177e-03 4.063497820273680693e-03
2.850030438518106890e-01 4.397025982279339183e-04 1.602637894691360133e-03 4.157821959560491741e-03
2.916640776023702863e-01 4.475467388844078689e-04 1.660038946088366685e-03 4.309338229375716568e-03
2.984807916924325788e-01 4.567354728759874961e-04 1.717197785145428658e-03 4.376668037357669266e-03
3.054568246515432239e-01 4.620054522743640975e-04 1.744035724537141554e-03 4.437165914730766686e-03
3.125959000482279593e-01 4.653357753770010928e-04 1.752802812819723773e-03 4.472071321563633566e-03
3.199018284775065335e-01 4.700744916943887220e-04 1.810568335088321920e-03 4.584936173791402669e-03
3.273785095948574808e-01 4.844750738371949835e-04 1.879581340140426418e-03 4.669608024435798442e-03
3.350299341977230339e-01 4.921493303618649194e-04 1.914364791998041148e-03 4.777034094396538644e-03
3.428601863556586804e-01 4.968375572473741940e-04 1.908746677081467075e-03 4.976115583914572649e-03
3.508734455902711713e-01 5.128222559579272881e-04 1.954350590934806394e-03 5.180434427778914976e-03
3.590739891061055511e-01 5.225499281170953043e-04 1.988108577798465039e-03 5.288290773776861339e-03
3.674661940736689281e-01 5.196851347438403079e-04 2.003719981727021884e-03 5.313731950085507152e-03
3.760545399658171140e-01 5.218971485333649771e-04 2.072614746394441446e-03 5.423086756288857634e-03
3.848436109487430312e-01 5.418795697520504369e-04 2.154596512313521409e-03 5.563521696996982790e-03
3.938380983288485848e-01 5.527914525304850491e-04 2.151223232884598175e-03 5.653977317955864897e-03
4.030428030568051767e-01 5.523817494836392224e-04 2.177645942039448806e-03 5.838865850298562837e-03
4.124626382901352417e-01 5.638308503873351758e-04 2.204664021571809285e-03 6.029527320495739126e-03
4.221026320156899270e-01 5.722572551020353683e-04 2.260347779430753670e-03 6.143048339066837886e-03
4.319679297334173551e-01 5.643970574725398672e-04 2.285826268680352623e-03 6.244212087984833681e-03
4.420637972028529927e-01 5.708762221903417554e-04 2.377061337552987055e-03 6.435518358140768225e-03
4.523956232538052791e-01 5.857118940833472244e-04 2.417063726682402731e-03 6.520033149921541059e-03
4.629689226627267118e-01 5.902360268556183743e-04 2.448236190882990305e-03 6.694190974598281454e-03
4.737893390963142659e-01 5.986417751218843378e-04 2.484628776600026918e-03 6.849265713399590484e-03
4.848626481239081687e-01 6.065266259769273296e-04 2.544954048897350024e-03 7.060787659612257836e-03
4.961947603002903051e-01 6.098451703706013341e-04 2.591055116036050654e-03 7.197550641949710011e-03
5.077917243205398723e-01 6.140715880951462535e-04 2.637497562025292556e-03 7.254552961614198908e-03
5.196597302486196668e-01 6.261239644963965088e-04 2.707528149037549507e-03 7.375772706241476816e-03
5.318051128214201784e-01 6.344653841763982314e-04 2.761912085183488349e-03 7.556095753239089677e-03
5.442343548300264677e-01 6.457742543022065721e-04 2.804657039904866200e-03 7.760937059671233970e-03
5.569540905800132169e-01 6.555136465493139079e-04 2.848977674931684693e-03 7.932583640389465410e-03
5.699711094326076477e-01 6.629364867045566857e-04 2.890679897654061924e-03 8.107877075018405863e-03
5.832923594286201219e-01 6.730031863432810093e-04 2.953400586988290562e-03 8.165664715956822903e-03
5.969249509970734335e-01 6.873310499252488406e-04 2.990183643955532551e-03 8.313864731081057474e-03
6.108761607505033275e-01 6.985129091146950742e-04 3.035144919816095289e-03 8.429572423397965752e-03
6.251534353689711665e-01 7.104104305534159145e-04 3.092163702521602726e-03 8.546463914381139185e-03
6.397643955748423261e-01 7.195536043657174653e-04 3.141285611281299187e-03 8.575987623504435775e-03
6.547168402004734933e-01 7.311155728011856699e-04 3.193002318266907093e-03 8.690783371756247849e-03
6.700187503509588138e-01 7.383045458987458690e-04 3.221703311885180249e-03 8.829125771574729623e-03
6.856782936641735438e-01 7.456574868104751163e-04 3.279276404374688921e-03 8.998271365855231921e-03
7.017038286703827232e-01 7.575819128164185991e-04 3.337707225822471053e-03 9.029452069891261493e-03
7.181039092537352397e-01 7.697981284658354404e-04 3.389665790891597912e-03 9.125073450933243041e-03
7.348872892180382532e-01 7.804859941105225579e-04 3.442613753702021117e-03 9.326463070760534699e-03
7.520629269592409294e-01 7.925322573344627470e-04 3.494309162508414841e-03 9.425905859446380430e-03
7.696399902471160459e-01 8.004740426255211889e-04 3.538801261756289659e-03 9.435356093967787322e-03
7.876278611187057521e-01 8.067478396557992279e-04 3.572347886910994755e-03 9.643646504995063637e-03
8.060361408861345112e-01 8.123549442695541991e-04 3.617703305188718372e-03 9.806794554140005338e-03
8.248746552614583116e-01 8.167858378506965850e-04 3.656207451895382952e-03 9.868382302774677053e-03
8.441534596012983949e-01 8.167509117987431554e-04 3.672360818844094040e-03 9.905732177171210420e-03
8.638828442740452696e-01 8.202103057576833143e-04 3.672472198112540238e-03 9.882357482079707350e-03
8.840733401525061597e-01 8.241348164910212992e-04 3.709625285441306691e-03 9.919859743659498186e-03
9.047357242349299833e-01 8.300749620059441787e-04 3.743312540594924669e-03 9.937069579026262464e-03
9.258810253973953630e-01 8.362590684735754466e-04 3.773412546671927204e-03 9.943919345044530123e-03
9.475205302806545271e-01 8.382083518334903019e-04 3.784925311730748601e-03 9.851027267449222538e-03
9.696657893145517182e-01 8.396681844998398966e-04 3.789885323745215747e-03 9.853401962892877758e-03
9.923286228832540745e-01 8.437909744461425613e-04 3.806940967936413723e-03 9.889296871444021655e-03
1.015521127634567700e+00 8.492390246112855624e-04 3.789230552110280873e-03 9.897773358274948238e-03
1.039255682936712555e+00 8.571166905196668344e-04 3.793071260625812454e-03 9.923516106696643121e-03
1.063544957486010523e+00 8.589032522577561869e-04 3.785106247007942199e-03 9.812236618458838183e-03
1.088401916069005715e+00 8.664289198752120596e-04 3.777544334886643457e-03 9.704294807523522470e-03
1.113839826482619699e+00 8.677048530163753749e-04 3.798449215761544231e-03 9.645110118112998690e-03
1.139872266616051455e+00 8.700346837838347823e-04 3.789497036792431692e-03 9.506924463576973613e-03
1.166513131698196259e+00 8.715384373650058008e-04 3.764715838490677140e-03 9.520617413016945613e-03
1.193776641714435760e+00 8.744740418226296455e-04 3.757757128998084808e-03 9.481857010566245580e-03
1.221677348996791812e+00 8.743391816522690920e-04 3.741582890341437970e-03 9.471770679384278885e-03
1.250230145991455766e+00 8.704754801382219359e-04 3.743957729464209971e-03 9.515006177537876225e-03
1.279450273207873412e+00 8.710190926732064602e-04 3.760651940093853729e-03 9.389978333248500189e-03
1.309353327353610430e+00 8.699418103436312244e-04 3.737007399638551507e-03 9.338965144501337398e-03
1.339955269659337977e+00 8.663931898709156722e-04 3.729441297047298657e-03 9.313127932403644782e-03
1.371272434398400186e+00 8.680325591797837751e-04 3.705839988108077833e-03 9.251250948095516083e-03
1.403321537605485503e+00 8.662243706601286406e-04 3.713406102873023293e-03 9.204255213145740369e-03
1.436119685999078133e+00 8.676207165273694920e-04 3.699778629461469848e-03 9.023040438161733859e-03
1.469684386112446450e+00 8.679790009737945638e-04 3.624695408663956668e-03 8.917590313158595822e-03
1.504033553638025600e+00 8.681002539159636804e-04 3.614252884877400609e-03 8.927896643202211380e-03
1.539185522990205834e+00 8.649482073066496433e-04 3.598680104695247631e-03 8.815179710962742915e-03
1.575159057091622961e+00 8.607241610227305169e-04 3.572520655742918768e-03 8.684277060428888251e-03
1.611973357388157169e+00 8.591067829450112301e-04 3.544254114684085733e-03 8.522582073393262722e-03
1.649648074098020611e+00 8.566758908074527520e-04 3.517468141917052486e-03 8.447915332616538764e-03
1.688203316700362722e+00 8.529822445007197596e-04 3.487030576652219369e-03 8.387650636445798807e-03
1.727659664669034756e+00 8.509725586164289084e-04 3.473062601376441551e-03 8.470392553817594414e-03
1.768038178457206566e+00 8.476686436470594679e-04 3.464849033880451710e-03 8.399299039490258981e-03
1.809360410738716007e+00 8.450817762095264724e-04 3.459628989154710579e-03 8.257400524644754533e-03
1.851648417912153954e+00 8.437844524347602130e-04 3.431425635365647347e-03 8.233653336253820426e-03
1.894924771873820912e+00 8.420663557145015125e-04 3.401716048569361148e-03 8.143000734746462521e-03
1.939212572065828644e+00 8.394285566423223240e-04 3.385180826089314796e-03 8.144125703946413636e-03
1.984535457805802094e+00 8.319475932794683946e-04 3.369753402399398596e-03 8.085372110495838566e-03
2.030917620904735710e+00 8.250707386912515184e-04 3.376038910504950558e-03 8.048910964699234824e-03
2.078383818579756070e+00 8.219261802225382319e-04 3.357460612655046098e-03 8.053481210277015773e-03
2.126959386668690222e+00 8.234450925141376413e-04 3.341856457553839255e-03 8.001911616401933408e-03
2.176670253153459633e+00 8.206490694527418528e-04 3.341199856089114087e-03 8.117764824732733031e-03
2.227542951999556653e+00 8.166005454201039461e-04 3.333408730554806697e-03 8.171028070969442447e-03
2.279604637318979776e+00 8.167507510797177191e-04 3.323556605834483788e-03 8.228842284987776534e-03
2.332883097864158373e+00 8.179447133152136732e-04 3.317057880396668320e-03 8.239419038173677323e-03
2.387406771860646870e+00 8.230766545803820363e-04 3.325971414554677961e-03 8.271620948073984264e-03
2.443204762186488743e+00 8.242537559813965667e-04 3.303857882440221910e-03 8.285934252621569504e-03
2.500306851906323846e+00 8.269515237137734431e-04 3.303447162346727362e-03 8.326404222187337029e-03
2.558743520168588859e+00 8.251134196356803025e-04 3.300068082541939181e-03 8.387289870651735632e-03
2.618545958474234325e+00 8.262691272108169940e-04 3.291950816279730525e-03 8.343981747700464358e-03
2.679746087325690862e+00 8.255595511253782052e-04 3.290073648675035257e-03 8.408319548878008184e-03
2.742376573264950768e+00 8.305106898217634202e-04 3.317352468217181147e-03 8.511716992840102566e-03
2.806470846309837341e+00 8.319579048188233041e-04 3.310213604392117735e-03 8.548940596130776351e-03
2.872063117797826415e+00 8.388144270997825247e-04 3.344763238995821127e-03 8.596884050350443382e-03
2.939188398646884970e+00 8.434228895132027089e-04 3.389256062868676624e-03 8.666774476437846125e-03
3.007882518043096809e+00 8.465913601753962889e-04 3.391620934085104976e-03 8.707713864274465101e-03
3.078182142565077495e+00 8.519970128099643063e-04 3.439287976069218579e-03 8.700900871985042459e-03
3.150124795755328222e+00 8.550569098251899940e-04 3.461311650102944469e-03 8.769952450168727945e-03
3.223748878149027330e+00 8.589760219200793688e-04 3.483917048202326248e-03 8.887521348059507220e-03
3.299093687770938921e+00 8.646873529045307361e-04 3.505008128414410177e-03 8.954097193493245135e-03
3.376199441111339627e+00 8.711796842337011940e-04 3.548339247716461239e-03 9.088311711798517656e-03
3.455107294592218103e+00 8.808924503599735792e-04 3.573632666342961041e-03 9.049413592296367409e-03
3.535859366535178960e+00 8.920806020988612849e-04 3.567107534853895031e-03 9.075843147214709278e-03
3.618498759642745810e+00 8.969139910799323653e-04 3.595366444086518874e-03 9.092302391062014391e-03
3.703069584005140413e+00 9.013160240024970264e-04 3.619089108911368452e-03 9.079552750144145867e-03
3.789616980644718414e+00 9.053667663823001827e-04 3.624065009318042530e-03 9.143018509502975552e-03
3.878187145610722197e+00 9.134048882068723481e-04 3.633378355567499097e-03 9.317390412161553198e-03
3.968827354637163740e+00 9.214347550792625170e-04 3.658714310921828191e-03 9.343283589307442225e-03
4.061585988376976708e+00 9.246359542176716068e-04 3.697809943049984276e-03 9.253866696333937908e-03
4.156512558225989196e+00 9.295888774769255026e-04 3.697754553711463544e-03 9.280637978497020824e-03
4.253657732750387943e+00 9.361409582686388295e-04 3.733432833688616042e-03 9.363645846224224675e-03
4.353073364731888439e+00 9.387134210093168009e-04 3.772698427322195968e-03 9.434867973452741585e-03
4.454812518844988745e+00 9.427081127588509768e-04 3.821247699968101982e-03 9.422012039592820784e-03
4.558929499981063671e+00 9.488206223114397514e-04 3.834096469791428794e-03 9.427845206119058255e-03
4.665479882234473408e+00 9.551975917085567952e-04 3.900668797139244300e-03 9.441678191801829850e-03
4.774520538566126682e+00 9.584356485259640452e-04 3.904592139929202038e-03 9.478712717565710225e-03
4.886109671160325796e+00 9.655331758546034215e-04 3.953714737795512718e-03 9.511510971093107766e-03
5.000306842491089476e+00 9.707370339478082685e-04 3.990189628630951002e-03 9.617874336604553473e-03
5.117173007114604211e+00 9.742427378408234336e-04 4.023632821729006964e-03 9.553556841957949047e-03
5.236770544204648381e+00 9.768691220863130655e-04 4.032272066965528548e-03 9.548392813298993420e-03
5.359163290848512062e+00 9.815885558483688871e-04 4.043990067487472119e-03 9.570147139337405531e-03
5.484416576121017073e+00 9.879056964130150057e-04 4.049501561255405488e-03 9.484242394162805193e-03
5.612597255954969278e+00 9.944763815676028150e-04 4.075451063378190616e-03 9.565155245351166999e-03
5.743773748826583869e+00 9.970649981440409242e-04 4.101157488746853992e-03 9.595640545445401418e-03
5.878016072274907522e+00 1.002613226251567249e-03 4.138742005430504078e-03 9.672217223582977100e-03
6.015395880274834184e+00 1.008886236611066531e-03 4.157477428061745472e-03 9.819280352566552017e-03
6.155986501483509343e+00 1.013401276387755710e-03 4.197732651799827679e-03 9.852197028940400461e-03
6.299862978380688538e+00 1.020626219793096005e-03 4.248520201000571643e-03 9.869725582706958406e-03
6.447102107323869902e+00 1.025503771077360691e-03 4.254609488777718294e-03 1.010970998262203727e-02
6.597782479539539224e+00 1.029711777691726549e-03 4.306051660226223494e-03 1.017399732919815891e-02
6.751984523072501077e+00 1.036342155064620208e-03 4.324512088927212790e-03 1.028175186057854983e-02
6.909790545715643439e+00 1.041917967912887703e-03 4.356030737088140842e-03 1.040003997615657032e-02
7.071284778943001115e+00 1.048558565021972134e-03 4.420190325260387257e-03 1.064080004011901982e-02
7.236553422869654639e+00 1.057889552171799395e-03 4.442123297316510032e-03 1.084292219510233149e-02
7.405684692262440194e+00 1.064037297479882190e-03 4.479401925285795942e-03 1.093225739060876139e-02
7.578768863625927388e+00 1.073048218753028119e-03 4.545664812195562149e-03 1.106937691675817514e-02
7.755898323389005533e+00 1.077593912577371697e-03 4.559573622481923570e-03 1.101631027715800105e-02
7.937167617217554039e+00 1.087193804120428200e-03 4.627684148375618180e-03 1.112565004909603188e-02
8.122673500479713482e+00 1.090343315482984700e-03 4.662052879606691166e-03 1.119487851062335101e-02
8.312514989890626538e+00 1.102996037213789526e-03 4.716754739131961451e-03 1.128688462924657548e-02
8.506793416364146765e+00 1.110813230983131485e-03 4.780915178080970274e-03 1.158730815084093105e-02
8.705612479099858803e+00 1.120275062658198945e-03 4.823971877199296522e-03 1.150706139594972338e-02
8.909078300934133665e+00 1.129212924548753409e-03 4.900632788241763779e-03 1.182386742492477771e-02
9.117299484984913605e+00 1.137641701508198535e-03 4.951619704970092704e-03 1.184332870857687965e-02
9.330387172620360658e+00 1.145182493949716213e-03 5.015950899737183985e-03 1.204807664835821912e-02
9.548455102782284598e+00 1.159230876366172799e-03 5.072318657843098710e-03 1.223316024876656277e-02
9.771619672696171932e+00 1.171646687472960649e-03 5.163632295681840588e-03 1.254244321792230554e-02
9.999999999999998224e+00 1.183517107172866751e-03 5.237892718670225829e-03 1.274637168606830746e-02
