1.000000000000000048e-04 9.630883360464040745e-05 2.956269961137460720e-04 6.633667337007675448e-04
1.026012337752051697e-04 9.433783311511479319e-05 2.894061298480474892e-04 6.522477230674239741e-04
1.052701317219430048e-04 9.247824378767195263e-05 2.839942278705727039e-04 6.383535803575256327e-04
1.080084539434971174e-04 9.098767250187820177e-05 2.783057462216729540e-04 6.257503646214675717e-04
1.108180063275523010e-04 8.951216397725064809e-05 2.740042349952495518e-04 6.174850663948392533e-04
1.137006417371535827e-04 8.829811948005849729e-05 2.688301624501823880e-04 6.021984233484563038e-04
1.166582612326453992e-04 8.703465853388839756e-05 2.644940635479922186e-04 5.958789408651700512e-04
1.196928153253960428e-04 8.574444680683870402e-05 2.593583794012172634e-04 5.885873990861519370e-04
1.228063052641341910e-04 8.477551413337327255e-05 2.552247016089039173e-04 5.838149829370080368e-04
1.260007843547463814e-04 8.350060582135001902e-05 2.530982767779264733e-04 5.829191848213622013e-04
1.292783593144054908e-04 8.249484590898824190e-05 2.507942887918149905e-04 5.717537629190269297e-04
1.326411916609228836e-04 8.173447323492291519e-05 2.486728668130384142e-04 5.623949528040335030e-04
1.360914991382413948e-04 8.132632023353576116e-05 2.454886420248546990e-04 5.533179730828463984e-04
1.396315571790083675e-04 8.061561797553181720e-05 2.430955437131755324e-04 5.421377982660740549e-04
1.432637004051936689e-04 8.017134725039344026e-05 2.410248453854916466e-04 5.327556699825811235e-04
1.469903241677422646e-04 7.945794689160973949e-05 2.392662349814645123e-04 5.243190954300954451e-04
1.508138861262771401e-04 7.875303854722947802e-05 2.371432621129861173e-04 5.218921646094554440e-04
1.547369078698932669e-04 7.855979131976971149e-05 2.345746701721245354e-04 5.161196696469875968e-04
1.587619765801130212e-04 7.856734030538502212e-05 2.335420951203840030e-04 5.133468310456646040e-04
1.628917467370982319e-04 7.823294892774812525e-05 2.315065142287087705e-04 5.067072818255035933e-04
1.671289418702452928e-04 7.774298586392814746e-05 2.311201187043923947e-04 5.023225636439824322e-04
1.714763563543170903e-04 7.730007515402603682e-05 2.297793343085023188e-04 4.923707762885514566e-04
1.759368572522967272e-04 7.709235532653535257e-05 2.281217360117877239e-04 4.810815422902278162e-04
1.805133862061779706e-04 7.648556197092175302e-05 2.250040892760090327e-04 4.778277819712772314e-04
1.852089613769395836e-04 7.609468822498014558e-05 2.230104642598699355e-04 4.672799051865019490e-04
1.900266794349832233e-04 7.553311011722676214e-05 2.217258181303250516e-04 4.665235714093867586e-04
1.949697176023468443e-04 7.491703612703255971e-05 2.208409082627201404e-04 4.591302747227168283e-04
2.000413357480411902e-04 7.417517914638571469e-05 2.195512758693093426e-04 4.559121478485904616e-04
2.052448785378907807e-04 7.383535479735795675e-05 2.172024066180077903e-04 4.523595673296921735e-04
2.105837776402972076e-04 7.331144472544419118e-05 2.147953683656267311e-04 4.472043820797092710e-04
2.160615539893794934e-04 7.281349942941317207e-05 2.132429243968245647e-04 4.460515463431853080e-04
2.216818201069844054e-04 7.230159534638820682e-05 2.112630604579266152e-04 4.384421330303534307e-04
2.274482824850968324e-04 7.178661729170130932e-05 2.088326239248656797e-04 4.370809415484105910e-04
2.333647440302231578e-04 7.127188510727715991e-05 2.089147905761751483e-04 4.367042122619670618e-04
2.394351065713584009e-04 7.072931153215564280e-05 2.078759099025252310e-04 4.270498638554863675e-04
2.456633734331910767e-04 7.019959508174212603e-05 2.057461546593462073e-04 4.267604955041703961e-04
2.520536520762436082e-04 6.972407729621928269e-05 2.038881650986955080e-04 4.240053681434073911e-04
2.586101568056889226e-04 6.929365166893843193e-05 2.027639688564867476e-04 4.182218539916418673e-04
2.653372115506295371e-04 6.882121946886700012e-05 2.016605981955071978e-04 4.115989070124435032e-04
2.722392527156720313e-04 6.817354762394156782e-05 2.005979114730961133e-04 4.050116014675705619e-04
2.793208321066782684e-04 6.778817167606397155e-05 1.997672295458520529e-04 3.996385023713750341e-04
2.865866199326213204e-04 6.724781029887780227e-05 1.986146049499355293e-04 3.985345822995597291e-04
2.940414078855274767e-04 6.671996912860196313e-05 1.973471182049757076e-04 3.922746671640844137e-04
3.016901123005346144e-04 6.639321997680384816e-05 1.952904033465850632e-04 3.858616338338424377e-04
3.095377773981503847e-04 6.592682050647343894e-05 1.932411765061289150e-04 3.841505440363407573e-04
3.175895786108504874e-04 6.565079844218069506e-05 1.913400798525677761e-04 3.769653484768932224e-04
3.258508259962076084e-04 6.536201197924180572e-05 1.911585811642275566e-04 3.735558030075400980e-04
3.343269677388059982e-04 6.493162942447095051e-05 1.895676879838819099e-04 3.681888581771080768e-04
3.430235937432470311e-04 6.445316462675485631e-05 1.875044289605957352e-04 3.671498822092316566e-04
3.519464393206188997e-04 6.446609136587388056e-05 1.852112958575514155e-04 3.642377952594798535e-04
3.611013889708587343e-04 6.371951201497278274e-05 1.835011733071419430e-04 3.628536612614353691e-04
3.704944802635036830e-04 6.337794496139895174e-05 1.820369206359215048e-04 3.555587534094483402e-04
3.801319078193886964e-04 6.283400623578578822e-05 1.809282776408995691e-04 3.521743040956800807e-04
3.900200273959184699e-04 6.251641532062405203e-05 1.796164468698567475e-04 3.484605658333003882e-04
4.001653600786054025e-04 6.247251315376499870e-05 1.789953771674752470e-04 3.459110501118365169e-04
4.105745965816415396e-04 6.232538631727333400e-05 1.783439621181169435e-04 3.374063188888093488e-04
4.212546016603354064e-04 6.230310893141850813e-05 1.762435485599143708e-04 3.355757227440904445e-04
4.322124186383299632e-04 6.162890180046694320e-05 1.744928366171388161e-04 3.331352629539808294e-04
4.434552740525813438e-04 6.148689095564499553e-05 1.732901190484318276e-04 3.344410013690303691e-04
4.549905824191657444e-04 6.093082058905964840e-05 1.719925090452096466e-04 3.351670388466872447e-04
4.668259511230556710e-04 6.073746346153896736e-05 1.711839765297172686e-04 3.330725021103872431e-04
4.789691854350913150e-04 6.069024564591225183e-05 1.704065574425946692e-04 3.318035366313650306e-04
4.914282936594538756e-04 6.021669207247123815e-05 1.692687914383292943e-04 3.277509126793241769e-04
5.042114924150380671e-04 5.974794218341617478e-05 1.692746075525601742e-04 3.230315561780444200e-04
5.173272120542039918e-04 5.969608530604574140e-05 1.691149414183865454e-04 3.175126393544689361e-04
5.307841022224851074e-04 5.974757612028947786e-05 1.677735893116781725e-04 3.176469695495355875e-04
5.445910375629157540e-04 5.906774991437155597e-05 1.667024510823361064e-04 3.084793917857265406e-04
5.587571235687426984e-04 5.903199647018612793e-05 1.649932290250921555e-04 3.031502265678904487e-04
5.732917025883776376e-04 5.914685210929775339e-05 1.632056785730270129e-04 3.040088901014433779e-04
5.882043599865552624e-04 5.888334743806911738e-05 1.628486749869419875e-04 3.024452732461586999e-04
6.035049304657547249e-04 5.945871254162094725e-05 1.627055531957093961e-04 2.978010894240710029e-04
6.192035045520583644e-04 5.979363138164412600e-05 1.626930352973766166e-04 2.927211358683430706e-04
6.353104352497204212e-04 5.999239273313423937e-05 1.617751755153416695e-04 2.933428491659485879e-04
6.518363448688391454e-04 5.957963094986153747e-05 1.605135926618272881e-04 2.888817087988914886e-04
6.687921320306301114e-04 5.936318517012559851e-05 1.590149403809151926e-04 2.888367757491179348e-04
6.861889788549255112e-04 5.898275829786899427e-05 1.573059345449296959e-04 2.878095578315189684e-04
7.040383583346351143e-04 5.913197445026536537e-05 1.576668086052795948e-04 2.917444988291378579e-04
7.223520419020357675e-04 5.928200183563900766e-05 1.603103069968731692e-04 2.942552863231330572e-04
7.411421071918754657e-04 5.918402285257648790e-05 1.610338761433525718e-04 2.940816725441075009e-04
7.604209460064179906e-04 5.846798793125133361e-05 1.590781173991271465e-04 2.892038703270940602e-04
7.802012724876715389e-04 5.771912470223363394e-05 1.587761337793040805e-04 2.875516232209765466e-04
8.004961315022009888e-04 5.699245148701297667e-05 1.563686072544248770e-04 2.836524454247465804e-04
8.213189072440473838e-04 5.680688984548014928e-05 1.562018084672828840e-04 2.822273511183985366e-04
8.426833320614252271e-04 5.670531325664942743e-05 1.563865574091800686e-04 2.803969786631651325e-04
8.646034955130311355e-04 5.722122313904778667e-05 1.586570213769512437e-04 2.829377687028492906e-04
8.870938536599205695e-04 5.774487444659568086e-05 1.591146709959709662e-04 2.855587912814030235e-04
9.101692385990916082e-04 5.762498947790651368e-05 1.586773594474974003e-04 2.819320309367406743e-04
9.338448682450585037e-04 5.731734081050308982e-05 1.553542774858725402e-04 2.862394195251166131e-04
9.581363563658691629e-04 5.673390007010311220e-05 1.535658232421783771e-04 2.814261296302824050e-04
9.830597228801779119e-04 5.680166570607196667e-05 1.524207580952666099e-04 2.815222147118035456e-04
1.008631404422175720e-03 5.691860206583203725e-05 1.536630230202753382e-04 2.827386791896490639e-04
1.034868265181331307e-03 5.717480371988044227e-05 1.529539259391431464e-04 2.805359539792922057e-04
1.061787608024107642e-03 5.696006557455216658e-05 1.502757139634641758e-04 2.795669728942938538e-04
1.089407185904973626e-03 5.621645834271116150e-05 1.502742918242924513e-04 2.789567432967802085e-04
1.117745213574246246e-03 5.573975737141992251e-05 1.477584891316025483e-04 2.749721621225549193e-04
1.146820379590478408e-03 5.522680656885799741e-05 1.452953311029264998e-04 2.704722995265183968e-04
1.176651858645321857e-03 5.433566847129482527e-05 1.439451424837210345e-04 2.680770219913156983e-04
1.207259324208982817e-03 5.407449942217517594e-05 1.426235034873322364e-04 2.645189521215441405e-04
1.238662961504620897e-03 5.364251612541514447e-05 1.416613387897383265e-04 2.614387514391594992e-04
1.270883480820235402e-03 5.355726991187766112e-05 1.423534706127037926e-04 2.560179224866274356e-04
1.303942131166834330e-03 5.290945320549555672e-05 1.413265842051672288e-04 2.555139056722955868e-04
1.337860714291875608e-03 5.306757858850306194e-05 1.409237726279531449e-04 2.548811474924014180e-04
1.372661599057237256e-03 5.301556735323280096e-05 1.405982368392530142e-04 2.566733418872201001e-04
1.408367736191185266e-03 5.323639607456870116e-05 1.413320459785363619e-04 2.586398278947131947e-04
1.445002673424082475e-03 5.312879145787429227e-05 1.411631445765789024e-04 2.567314158122678157e-04
1.482590571017806816e-03 5.236925983042219209e-05 1.396708711495607145e-04 2.511283857087244389e-04
1.521156217699129627e-03 5.155639006616273882e-05 1.373322250934555316e-04 2.453872902193109996e-04
1.560725047007552584e-03 5.036113839101320240e-05 1.358977507759119563e-04 2.431903913743205736e-04
1.601323154068399297e-03 4.908948807870700486e-05 1.358082917150529498e-04 2.416630765685999374e-04
1.642977312802206772e-03 4.882002831631761019e-05 1.343613811423696421e-04 2.354668254838072168e-04
1.685714993581776365e-03 4.893395119742208427e-05 1.335499649435258041e-04 2.351927554308304736e-04
1.729564381348522913e-03 4.852042541719768802e-05 1.331077475135489284e-04 2.342666810835961609e-04
1.774554394200078631e-03 4.834463628010835065e-05 1.304894957657912842e-04 2.299640450414795615e-04
1.820714702461398264e-03 4.768209945527680679e-05 1.275952616388397040e-04 2.243302950034631608e-04
1.868075748251950491e-03 4.707294561335872665e-05 1.250836252615906670e-04 2.218984979236580566e-04
1.916668765561896489e-03 4.636628858143999741e-05 1.247000218648989384e-04 2.189159161284700151e-04
1.966525800850499849e-03 4.605941123104997285e-05 1.243564991246017568e-04 2.271268273733021608e-04
2.017679734180346813e-03 4.602812026514984262e-05 1.238458529843140181e-04 2.274918517176785298e-04
2.070164300901316222e-03 4.594262418994615098e-05 1.234851509614883739e-04 2.282776579131279315e-04
2.124014113898601078e-03 4.535231250852079940e-05 1.220832771206835409e-04 2.254049565710431998e-04
2.179264686419455331e-03 4.470700894206538790e-05 1.196013617375334370e-04 2.186332253124255421e-04
2.235952455493716781e-03 4.393914171798844639e-05 1.188990946139538527e-04 2.173332402117437534e-04
2.294114805963549247e-03 4.351853821150077008e-05 1.181446272136717598e-04 2.149755416509007344e-04
2.353790095138255049e-03 4.347722983861215606e-05 1.185276922183551445e-04 2.154140764437360877e-04
2.415017678090424728e-03 4.366862323064979581e-05 1.181205125600805612e-04 2.147467892764296480e-04
2.477837933610087771e-03 4.389291940872950756e-05 1.187841332479820043e-04 2.120031995371197606e-04
2.542292290833999494e-03 4.398854081540316168e-05 1.178760831435129834e-04 2.088485890432126746e-04
2.608423256567610378e-03 4.385722912222188405e-05 1.171942647959644553e-04 2.075715412668024105e-04
2.676274443317752921e-03 4.349235441064062892e-05 1.169700882264631495e-04 2.038044695869218670e-04
2.745890598054517764e-03 4.329183044476932971e-05 1.162024397820715009e-04 2.022850050232337740e-04
2.817317631721295672e-03 4.326888387022332212e-05 1.155212079679798944e-04 2.055038977655864005e-04
2.890602649512439854e-03 4.319038224019362392e-05 1.152871790156000689e-04 2.055130192231854577e-04
2.965793981938532210e-03 4.302406965665594519e-05 1.141225898242424286e-04 2.059739873574410881e-04
3.042941216699718461e-03 4.297883885865984310e-05 1.136181202432205137e-04 2.047517728251972073e-04
3.122095231388152207e-03 4.297391480750443728e-05 1.136502185577024921e-04 2.055307088341452350e-04
3.203308227041089685e-03 4.317678887964083263e-05 1.136819064860115637e-04 2.073291439516487171e-04
3.286633762566807618e-03 4.331878627686626225e-05 1.131192336898426631e-04 2.073630687441118704e-04
3.372126790065990525e-03 4.345929917232335389e-05 1.136156679232993129e-04 2.068866380737018236e-04
3.459843691071929489e-03 4.330635146220183229e-05 1.146927727253902992e-04 2.080962631424496242e-04
3.549842313733397436e-03 4.340127677174506919e-05 1.150335223819109158e-04 2.120851387996631825e-04
3.642182010964754163e-03 4.345150843045280357e-05 1.152759396488738975e-04 2.141142066085290627e-04
3.736923679588415124e-03 4.367759411753271997e-05 1.161645340952991638e-04 2.151463596938502966e-04
3.834129800495510079e-03 4.405894569720578428e-05 1.169452170270458428e-04 2.185739795974541344e-04
3.933864479851204368e-03 4.429608847225020743e-05 1.178259814564501322e-04 2.204201104594228115e-04
4.036193491371892379e-03 4.453917982244465614e-05 1.186778420473606061e-04 2.202885708941163120e-04
4.141184319702090333e-03 4.523238036521782786e-05 1.192289289392208651e-04 2.207726769268353252e-04
4.248906204919682128e-03 4.597914250979601180e-05 1.203712501141683528e-04 2.226561694435544878e-04
4.359430188198839401e-03 4.649649031119156028e-05 1.219954321129923470e-04 2.257334664866095285e-04
4.472829158660756622e-03 4.727041856458847929e-05 1.230283308630448764e-04 2.258429779635222269e-04
4.589177901443065866e-03 4.784621404080851702e-05 1.251547983068668343e-04 2.272074790717018187e-04
4.708553147019655001e-03 4.847632286076423449e-05 1.272126769873529507e-04 2.280486938177542081e-04
4.831033621803414516e-03 4.907051863984987397e-05 1.285731450068833357e-04 2.323197640575209023e-04
4.956700100065281230e-03 5.007502495508749340e-05 1.311972037199395970e-04 2.293581631625579633e-04
5.085635457203806740e-03 5.121004511278047424e-05 1.330471986670614414e-04 2.315680086095408445e-04
5.217924724400403030e-03 5.209611492545508182e-05 1.355026927114878256e-04 2.376264968402211505e-04
5.353655144696285902e-03 5.292514494321817970e-05 1.379018062644216341e-04 2.371537022914756360e-04
5.492916230528134373e-03 5.422557943519579817e-05 1.399407520365926862e-04 2.394375884161965774e-04
5.635799822760361941e-03 5.512113655490279829e-05 1.415893058318655451e-04 2.395537131336814625e-04
5.782400151252956380e-03 5.655794017863346719e-05 1.442586275694415093e-04 2.408169832610486242e-04
5.932813897004861337e-03 5.769578720629228090e-05 1.435714628727244140e-04 2.448633958633312678e-04
6.087140255913816612e-03 5.896523134790900559e-05 1.467327914485513668e-04 2.441603076491457897e-04
6.245481004194756297e-03 6.037024654865600243e-05 1.470862598468406803e-04 2.487548547282385008e-04
6.407940565499890828e-03 6.160346897405819552e-05 1.488074693631088585e-04 2.499552929183695743e-04
6.574626079784745732e-03 6.334454078558517164e-05 1.508739215300648935e-04 2.521682484995223261e-04
6.745647473965558222e-03 6.455660216678325727e-05 1.529994207415286296e-04 2.546857862580289992e-04
6.921117534414622866e-03 6.580061599210736589e-05 1.545113231729920006e-04 2.560682990872178576e-04
7.101151981341462943e-03 6.668451208140656230e-05 1.561592467867311943e-04 2.589672440226049410e-04
7.285869545108765791e-03 6.704681578209729161e-05 1.598802187539790363e-04 2.607284849023411549e-04
7.475392044533520075e-03 6.859624198701643556e-05 1.615565882364452404e-04 2.706350240103704333e-04
7.669844467224923995e-03 6.992275804503909236e-05 1.620360490587353507e-04 2.724330470356548157e-04
7.869355052012081894e-03 7.117448422403347612e-05 1.658676359705263392e-04 2.764877173357845335e-04
8.074055373515832967e-03 7.229993379163081834e-05 1.676964336412101815e-04 2.761788436386962528e-04
8.284080428920500769e-03 7.315148739372355708e-05 1.742094003811584695e-04 2.845645390106585977e-04
8.499568727002740007e-03 7.421128636825554997e-05 1.776202707039797098e-04 2.909266164088913226e-04
8.720662379476308568e-03 7.587870472951291280e-05 1.846232958903997444e-04 2.971118817935380582e-04
8.947507194712853856e-03 7.783897024574835022e-05 1.886865096855270759e-04 3.067200612508531486e-04
9.180252773900636140e-03 8.012997076415481691e-05 1.915880770489493022e-04 3.194127904431943890e-04
9.419052609704547940e-03 8.349512700270076803e-05 1.996867704563192391e-04 3.178060944390204189e-04
9.664064187492524965e-03 8.649821684468781975e-05 2.017417181562606882e-04 3.264254618077155824e-04
9.915449089195083401e-03 8.942024911718728152e-05 2.055254332210224727e-04 3.287437339626931871e-04
1.017337309986650513e-02 9.299189798657350563e-05 2.085338510480898603e-04 3.327410018235485867e-04
1.043800631701786823e-02 9.607036554601828008e-05 2.119668647551118475e-04 3.345892035799208158e-04
1.070952326279418255e-02 9.743770683813425656e-05 2.115610436728619333e-04 3.300259009071452297e-04
1.098810299906943788e-02 9.666433711367591777e-05 2.105732439340479874e-04 3.331174088760484862e-04
1.127392924553556088e-02 9.290586119417756754e-05 2.077295701821925877e-04 3.272649743277704446e-04
1.156719050086316321e-02 8.980076084875903753e-05 2.043571383184348395e-04 3.186250597456243071e-04
1.186808016701393700e-02 8.565019506610910716e-05 1.985179309728940956e-04 3.254696007830875553e-04
1.217679667678672577e-02 8.195749767348385953e-05 1.905953237572002759e-04 3.097259369742487380e-04
1.249354362468137365e-02 7.880592606878387453e-05 1.836874580771990346e-04 3.118661601747135521e-04
1.281852990116657057e-02 7.674918163432271488e-05 1.754480626568918054e-04 2.904228778878211186e-04
1.315196983044048841e-02 7.490383134005641741e-05 1.725114352963640334e-04 2.885172313501622424e-04
1.349408331177469333e-02 7.376623892214038448e-05 1.678730874560329181e-04 2.861648091465510786e-04
1.384509596453490157e-02 7.266097636775746234e-05 1.657464865619965937e-04 2.758665443753260580e-04
1.420523927697394696e-02 6.982296248996374332e-05 1.632383345361768481e-04 2.752715568169594577e-04
1.457475075889529993e-02 6.632803355655857950e-05 1.608828315707849105e-04 2.694138663684969397e-04
1.495387409828765127e-02 6.194047354956987086e-05 1.535309838634008267e-04 2.719329802927146359e-04
1.534285932203397970e-02 5.848740214148274964e-05 1.433312252561040395e-04 2.544385870506978269e-04
1.574196296080093704e-02 5.648481134114926368e-05 1.362099749389784897e-04 2.414210151454001163e-04
1.615144821821757476e-02 5.515451790988206863e-05 1.345002011905347620e-04 2.285381369933753564e-04
1.657158514445462166e-02 5.463812608426297211e-05 1.335324367328431761e-04 2.298409232216379544e-04
1.700265081431905079e-02 5.412263598854587937e-05 1.328853214285653089e-04 2.279571040267690371e-04
1.744492950998131203e-02 5.325431960592762225e-05 1.320310369900885199e-04 2.223660984562835907e-04
1.789871290845567245e-02 5.236909588684207216e-05 1.312176875194496703e-04 2.202793633890261281e-04
1.836430027395742973e-02 5.023455771120629204e-05 1.290388734830788563e-04 2.205967131030726175e-04
1.884199865526371698e-02 4.842823268111426919e-05 1.250008300747511519e-04 2.187704302405798920e-04
1.933212308820813491e-02 4.623066632807579425e-05 1.207831241360403807e-04 2.157279867066133096e-04
1.983499680344283367e-02 4.429630505670196274e-05 1.153738223900093715e-04 2.152398896090574709e-04
2.035095143960485159e-02 4.355891135013738335e-05 1.126775957296893257e-04 2.128178607935841363e-04
2.088032726202745243e-02 4.289062619751925730e-05 1.112530445263416662e-04 2.091700495867572312e-04
2.142347338714067906e-02 4.266470530550975972e-05 1.108536533428742990e-04 2.109411172205712202e-04
2.198074801270906778e-02 4.253041532943511771e-05 1.109790467903730042e-04 2.091871210591956555e-04
2.255251865405838788e-02 4.284902624089830507e-05 1.111954423962037582e-04 2.068262926267898664e-04
2.313916238644721929e-02 4.319711093997026367e-05 1.112921150412559719e-04 2.053569471256133877e-04
2.374106609374304622e-02 4.328096895853441993e-05 1.125453158833939328e-04 2.052438854997524890e-04
2.435862672356726641e-02 4.299914268890549045e-05 1.125246911255405003e-04 2.059663538138209601e-04
2.499225154907684654e-02 4.316959160945004083e-05 1.121939007810369342e-04 2.063954038091922526e-04
2.564235843755566582e-02 4.338531020436715624e-05 1.132693509011510478e-04 2.041585547483339049e-04
2.630937612599252781e-02 4.353507798979115484e-05 1.129706449057611288e-04 2.068133002873634159e-04
2.699374450382760124e-02 4.349665955188997596e-05 1.140237792053180421e-04 2.057608432095097382e-04
2.769591490305374493e-02 4.366889944968854677e-05 1.139537683778521471e-04 2.052147792332200001e-04
2.841635039586408451e-02 4.376196250613219281e-05 1.149747007989044222e-04 2.072415330413008943e-04
2.915552610004193759e-02 4.390064924140530322e-05 1.166602114396746588e-04 2.085839425718742082e-04
2.991392949229498485e-02 4.395625139064079109e-05 1.181547260475263885e-04 2.092572678693127152e-04
3.069206072973961613e-02 4.412106548389875315e-05 1.196150625322853385e-04 2.116541829046301928e-04
3.149043297974807309e-02 4.459801400616586508e-05 1.209605538761265842e-04 2.139561696508665253e-04
3.230957275837562093e-02 4.480654796445879907e-05 1.216885954234450505e-04 2.180161560544870895e-04
3.315002027759096637e-02 4.512435145633066259e-05 1.226677767499349575e-04 2.201439578087612415e-04
3.401232980153901658e-02 4.539651449806879314e-05 1.235143123691832779e-04 2.208951863001975234e-04
3.489707001207084658e-02 4.589865744147564281e-05 1.242086343460186120e-04 2.226943395400293995e-04
3.580482438378181781e-02 4.635643487776119708e-05 1.254157030306225730e-04 2.267426324069565194e-04
3.673619156880564979e-02 4.679260884325956972e-05 1.253149439131257079e-04 2.287182262092789979e-04
3.769178579161747838e-02 4.702204789824363087e-05 1.259894289150233877e-04 2.334727484670544783e-04
3.867223725410700447e-02 4.736188488646499492e-05 1.259228944305534577e-04 2.351210553166101257e-04
3.967819255118830435e-02 4.735415764039621427e-05 1.267039470153615390e-04 2.385299077250419345e-04
4.071031509722074920e-02 4.769572854558047534e-05 1.281846281849578458e-04 2.390400910658399970e-04
4.176928556352209332e-02 4.758379961653723096e-05 1.298982566793642685e-04 2.416237611226630785e-04
4.285580232726235450e-02 4.761478277179484014e-05 1.297092237427128483e-04 2.457437121043238941e-04
4.397058193203425697e-02 4.763873837568078165e-05 1.300573921993572924e-04 2.477278896486830593e-04
4.511435956040458356e-02 4.746482292683933460e-05 1.299844619950084193e-04 2.476318376584552418e-04
4.628788951875731361e-02 4.706029459466261561e-05 1.304744215934308725e-04 2.450360795148203092e-04
4.749194573474886660e-02 4.754938476601514578e-05 1.309519880376906992e-04 2.489148389782404325e-04
4.872732226770326580e-02 4.757695634453634504e-05 1.300824808087792440e-04 2.389822203564249980e-04
4.999483383228381372e-02 4.905524467885565118e-05 1.404362595531308548e-04 2.699776543032741797e-04
5.129531633578687105e-02 5.805827165147069201e-05 1.801586533792233708e-04 3.465661256231821873e-04
5.262962742941172667e-02 6.385061521898572083e-05 2.018158311183329199e-04 3.932251910486695367e-04
5.399864707387021234e-02 7.171272528185441151e-05 2.485094338147048098e-04 4.682234664615709000e-04
5.540327811970954808e-02 8.194318413406830167e-05 2.860996528686648912e-04 4.869729868353459825e-04
5.684444690273028622e-02 8.960387593412520290e-05 2.831535666230846791e-04 4.679032213655729354e-04
5.832310385489265087e-02 9.140781582097578476e-05 2.830879846526955426e-04 4.557626456880250381e-04
5.984022413111408922e-02 9.249160986610193422e-05 2.799555678020461836e-04 4.528329003721848667e-04
6.139680825237109341e-02 9.755385792776591759e-05 2.796477820927210987e-04 4.630271277814862084e-04
6.299388276552971011e-02 9.837007910953091919e-05 2.928232160495552517e-04 4.708603307235592985e-04
6.463250092033985539e-02 8.908630320343915629e-05 2.795074593000288561e-04 4.566909743268828393e-04
6.631374336403951519e-02 8.411450896634110658e-05 2.538124665314543801e-04 4.138257652439482760e-04
6.803871885402777708e-02 7.362580257562411040e-05 2.390995240833338007e-04 4.336470739255085137e-04
6.980856498907560270e-02 5.430008791261371070e-05 1.578468297855100853e-04 2.932183209110306968e-04
7.162444895955746849e-02 5.025527740233241359e-05 1.317944537682290927e-04 2.357547474287132068e-04
7.348756831719806260e-02 4.915573421580241324e-05 1.305133862971512109e-04 2.357301421242298056e-04
7.539915176484197901e-02 4.965687123896607642e-05 1.307189300169032150e-04 2.372316880402646746e-04
7.736045996676722825e-02 5.022476358123677931e-05 1.313993238708171347e-04 2.432712564923805124e-04
7.937278638007688736e-02 5.146318870227663543e-05 1.336910496950010350e-04 2.488391273430979743e-04
8.143745810771688132e-02 5.188234040088165165e-05 1.360971379777428734e-04 2.552813879285686059e-04
8.355583677368336182e-02 5.272635797646473791e-05 1.382539933005838941e-04 2.546880717283430307e-04
8.572931942099569491e-02 5.262827454942317900e-05 1.402875692350634982e-04 2.530861941951876226e-04
8.795933943302813862e-02 5.150001383389817721e-05 1.395158293962403485e-04 2.457738367121054370e-04
9.024736747880739152e-02 5.109409624268970317e-05 1.377115891135198989e-04 2.403782799525656271e-04
9.259491248289965226e-02 5.148597555924888842e-05 1.370856978723194281e-04 2.437529316351783385e-04
9.500352262052648433e-02 5.210525526877162562e-05 1.407471381406994945e-04 2.573679357936101814e-04
9.747478633856636321e-02 5.347432519669455443e-05 1.428064202915273987e-04 2.622786554233308008e-04
1.000103334031142016e-01 5.436832023673552461e-05 1.441465099630430651e-04 2.552572906209711352e-04
1.026118359742912711e-01 5.334394188221310695e-05 1.418494439964393492e-04 2.435796395450127397e-04
1.052810097090126490e-01 5.291435778190732000e-05 1.380453382279784452e-04 2.441963516210927747e-04
1.080196148924404825e-01 5.401230870125451781e-05 1.417056537678253300e-04 2.432516514190918107e-04
1.108294575988691688e-01 5.601980476121938156e-05 1.469399355332543097e-04 2.474069119767824312e-04
1.137123908828076430e-01 5.684309855601151444e-05 1.493407453450633956e-04 2.535264849210096087e-04
1.166703160010444940e-01 5.578284941424822352e-05 1.461289163281939403e-04 2.579174803848324217e-04
1.197051836665023600e-01 5.457688159172668381e-05 1.415188918843660938e-04 2.530977446295603023e-04
1.228189953347067626e-01 5.398974110986134008e-05 1.403375659208533192e-04 2.563315078797217270e-04
1.260138045237207960e-01 5.349832959767382868e-05 1.412676766384424209e-04 2.544033388718762488e-04
1.292917181684128114e-01 5.288352304013004836e-05 1.406920017507339580e-04 2.572951699868571596e-04
1.326548980099526154e-01 5.237262299379886186e-05 1.398054768579692973e-04 2.604269287038874642e-04
1.361055620214514372e-01 5.449448158061038832e-05 1.476360841506172274e-04 2.651836862805624878e-04
1.396459858706861901e-01 5.680589790765131701e-05 1.553832330654799330e-04 2.759586936544756856e-04
1.432785044208726988e-01 5.817178063938167800e-05 1.597134281492153208e-04 2.790454225927232481e-04
1.470055132704773948e-01 5.743184135230463167e-05 1.567731640659820438e-04 2.802468666071279636e-04
1.508294703330827491e-01 5.708020646390662224e-05 1.550090162161282998e-04 2.766697716277218455e-04
1.547528974583498862e-01 5.751679219960947642e-05 1.555199919847190986e-04 2.748018773453639752e-04
1.587783820951450542e-01 5.655937259292948292e-05 1.487397145082905870e-04 2.614002935096524662e-04
1.629085789979282661e-01 5.487647007791446806e-05 1.432218603432136258e-04 2.460339901040839460e-04
1.671462119775291022e-01 5.577916026854480970e-05 1.467103112251919494e-04 2.512569109810434704e-04
1.714940756974645819e-01 5.842608345705167322e-05 1.531549931971919339e-04 2.693418625820554607e-04
1.759550375169829095e-01 5.982629928129091807e-05 1.540233240852705683e-04 2.760241944358354728e-04
1.805320393820497304e-01 5.901439018263312543e-05 1.540131244182536580e-04 2.720573688042963751e-04
1.852280997655222639e-01 5.878892014141093444e-05 1.523900980617226650e-04 2.691633634487882072e-04
1.900463156577937296e-01 5.836982577641749753e-05 1.543694822565028647e-04 2.705973912743504556e-04
1.949898646092172172e-01 5.867332789710958253e-05 1.591892630002361827e-04 2.895207554666138334e-04
2.000620068256590001e-01 6.147005698791194054e-05 1.622504330669403136e-04 2.906913933378093575e-04
2.052660873185612189e-01 6.303006997867174031e-05 1.670923170126868045e-04 2.896075284540731922e-04
2.106055381109337432e-01 6.303301020473636598e-05 1.660688224794506043e-04 2.911859420791771584e-04
2.160838805007278540e-01 6.137189115350043191e-05 1.636388982155002360e-04 2.813454343531366394e-04
2.217047273830869136e-01 6.007639372286068240e-05 1.578665928975397351e-04 2.772878549735768839e-04
2.274717856330022714e-01 6.062248413049018309e-05 1.613102739114621279e-04 2.767633328386297242e-04
2.333888585499501456e-01 6.308350811623842139e-05 1.613529200455238936e-04 2.780097000931218898e-04
2.394598483661171950e-01 6.486005074545830374e-05 1.648033166834098160e-04 2.867232098819703229e-04
2.456887588198717054e-01 6.578539253907315367e-05 1.687919009057258651e-04 3.064391938331351281e-04
2.520796977961765051e-01 6.429142905578022829e-05 1.709312329250213460e-04 2.985795295571979941e-04
2.586368800356856901e-01 6.193643661976329145e-05 1.642474106086126641e-04 2.935699597391343914e-04
2.653646299143107568e-01 6.703109444756625256e-05 1.740210171071037446e-04 3.199681299526950452e-04
2.722673842950901757e-01 7.053925504746613490e-05 1.785396852541800523e-04 3.122473416436783345e-04
2.793496954542416533e-01 6.833190878385903184e-05 1.717690917028218513e-04 2.950004158092374798e-04
2.866162340833301458e-01 6.394465147976370037e-05 1.665709229067118544e-04 2.926590983371651434e-04
2.940717923695267966e-01 6.499241607556354675e-05 1.759156328315059602e-04 3.093470175464340505e-04
3.017212871559940557e-01 7.077859912491106531e-05 1.834749979189174887e-04 3.300408836678557717e-04
3.095697631844800402e-01 7.260589248914076489e-05 1.851676120560996478e-04 3.190618605171898262e-04
3.176223964222572582e-01 6.913815892892277118e-05 1.852058618303822326e-04 3.271638615470435032e-04
3.258844974756089918e-01 7.127778226845029555e-05 1.921999380398868899e-04 3.477765717130198064e-04
3.343615150921021018e-01 7.325926460636185736e-05 1.862644216826796911e-04 3.287982172825925720e-04
3.430590397539655112e-01 7.140106664570168278e-05 1.863838205312180383e-04 3.351097188550315373e-04
3.519828073649400868e-01 7.143133635608495330e-05 1.914108815098971260e-04 3.242882585473982220e-04
3.611387030330321934e-01 6.963849481760790803e-05 1.850929727872147772e-04 3.057338666825401151e-04
3.705327649516652611e-01 7.014253552006928202e-05 1.884847151118943084e-04 3.484963466906762270e-04
3.801711883817894821e-01 7.441444674334130439e-05 2.015070769997292046e-04 3.682613306160635418e-04
3.900603297375753731e-01 7.190977705123985982e-05 1.959873191734359777e-04 3.421707510892790815e-04
4.002067107783857103e-01 7.119203305275496939e-05 2.029802466787047910e-04 3.974640056706048156e-04
4.106170229097906854e-01 7.733130682663778214e-05 2.115330193237915045e-04 3.897115876262475707e-04
4.212981315964619555e-01 7.275199571056714762e-05 1.980679845072775267e-04 3.396038082217603588e-04
4.322570808898573147e-01 7.339026131620637200e-05 2.158781800750726601e-04 4.236835836445781989e-04
4.435010980736801001e-01 7.910728677834113229e-05 2.188135532994899587e-04 3.805976693675813707e-04
4.550375984301792687e-01 7.468841026681662728e-05 2.136466862596234897e-04 4.150149477904652054e-04
4.668741901304273578e-01 8.390149743673718213e-05 2.490121697027534303e-04 4.813448124859495366e-04
4.790186792518155157e-01 7.990572735319468386e-05 2.134534387090506998e-04 3.807949038147743245e-04
4.914790749260554148e-01 7.996425777884770146e-05 2.481951916658980961e-04 5.017969410992146077e-04
5.042635946210977105e-01 8.855411676791888093e-05 2.471412613997824460e-04 4.307126530045966633e-04
5.173806695604452610e-01 7.678796322003961304e-05 2.345984326266541793e-04 4.722543060537801062e-04
5.308389502834340856e-01 9.979342254679956364e-05 2.905360476348764422e-04 5.646571971621254776e-04
5.446473123501512914e-01 1.107914319820598272e-04 3.324919738431725779e-04 7.049812801007485086e-04
5.588148621947504058e-01 1.148548840453058679e-04 3.557717587750385750e-04 9.419273024329072319e-04
5.733509431310263027e-01 1.255793827748335968e-04 4.032761993791363487e-04 1.154276734460562984e-03
5.882651415142079454e-01 1.179132529653808956e-04 4.305688872656722715e-04 1.264131112942507495e-03
6.035672930630338051e-01 1.401101475814639074e-04 4.700248633704033662e-04 1.357119791768362409e-03
6.192674893462808416e-01 1.423855808371131339e-04 4.680540237912305702e-04 1.400342924066972847e-03
6.353760844380211825e-01 1.357610623731118871e-04 4.893871157642531999e-04 1.359909185302651119e-03
6.519037017459989869e-01 1.237753581527046372e-04 4.834354066834371929e-04 1.294121683544766869e-03
6.688612410176284495e-01 1.188157808782112749e-04 4.831769983746512175e-04 1.195436023975834580e-03
6.862598855282365795e-01 1.225266663409372875e-04 4.845111592319744720e-04 1.154706699439991954e-03
7.041111094562811923e-01 1.291937476325939575e-04 4.771017543395128491e-04 1.105258205006101309e-03
7.224266854504296509e-01 1.387657202454038491e-04 4.638469264377766089e-04 1.135270963550321418e-03
7.412186923934612759e-01 1.430844214412879017e-04 4.692960101717849239e-04 1.156771810694563578e-03
7.604995233681338673e-01 1.469951594121988797e-04 4.866351170914531973e-04 1.127236404472942112e-03
7.802818938302599205e-01 1.474481293901390400e-04 4.743571798633478063e-04 1.085854711873304257e-03
8.005788499943830017e-01 1.446249912312300070e-04 4.472055386483913511e-04 9.957411388920747817e-04
8.214037774375858580e-01 1.418600101825043898e-04 4.300720435389120437e-04 9.088109497245433878e-04
8.427704099271031701e-01 1.431506483359657887e-04 4.038944742248222453e-04 8.192818227451659869e-04
8.646928384775618426e-01 1.375012015454936431e-04 3.735577528843948576e-04 7.476034135587824930e-04
8.871855206438202801e-01 1.208233000944597852e-04 3.463753305958024186e-04 7.247593907218643182e-04
9.102632900555369666e-01 1.148487761956752207e-04 3.396295529215699496e-04 6.962902547512431206e-04
9.339413661997550964e-01 1.148573952458776680e-04 3.349832629449167229e-04 7.422492496469893343e-04
9.582353644579554297e-01 1.117847654645849593e-04 3.267406072871995915e-04 7.132934962038987598e-04
9.831613064041959671e-01 1.060588824681177653e-04 3.142431739407584640e-04 6.606310699942023398e-04
1.008735630371130121e+00 9.954304112894122789e-05 2.863043776556227320e-04 6.026966799794542581e-04
1.034975202290874252e+00 9.602142167318074197e-05 2.829112680084850903e-04 5.410341659000101168e-04
1.061897326817862419e+00 9.745769719772888310e-05 2.725178586685172641e-04 5.330666761074136619e-04
1.089519758741049005e+00 9.174136433404667080e-05 2.536728762676171488e-04 5.264618970009914828e-04
1.117860714692954893e+00 8.608989240153113918e-05 2.444504522475783679e-04 5.379819228244536646e-04
1.146938885163297561e+00 9.171939153404161870e-05 2.678862779314076549e-04 5.769441376560733052e-04
1.176773446825126745e+00 9.558252325878838392e-05 2.957697129984413007e-04 5.934876526097302178e-04
1.207384075181587635e+00 9.500101792621679282e-05 3.036139085425591062e-04 5.946453215931091132e-04
1.238790957541659354e+00 8.603847890663298347e-05 2.679065877195356288e-04 5.293237127063566598e-04
1.271014806333420122e+00 8.630562135550766292e-05 2.542090424644774960e-04 5.088206985914490088e-04
1.304076872763623385e+00 9.006073164598171646e-05 2.597960753271175540e-04 5.067036532482775777e-04
1.337998960832589734e+00 9.223959555507420553e-05 2.526168710670017269e-04 4.869902205213294121e-04
1.372803441713661199e+00 7.903705812056980814e-05 2.308854367953327416e-04 4.723460363360534767e-04
1.408513268506695448e+00 7.866497155229377981e-05 2.304375541743826556e-04 4.715520415574264734e-04
1.445151991375337452e+00 8.886844221346296786e-05 2.619353087679272200e-04 5.405612490695282978e-04
1.482743773078042393e+00 9.691541856868126443e-05 2.816815511401652328e-04 5.707845229275341353e-04
1.521313404903099631e+00 8.768268503258885968e-05 2.603222690980889781e-04 4.885168784271196009e-04
1.560886323018165323e+00 7.549877713791172250e-05 2.195257974105674912e-04 4.279854807040615471e-04
1.601488625245071518e+00 8.226925603455127506e-05 2.394667767457308596e-04 4.549422527124181667e-04
1.643147088271014633e+00 8.506144988834754084e-05 2.563286218600825824e-04 4.848251342216872931e-04
1.685889185307420268e+00 8.070927116129283094e-05 2.320857554065106304e-04 4.504179161705343967e-04
1.729743104208167681e+00 6.990686951799171133e-05 2.114741038609330799e-04 4.320706297661088924e-04
1.774737766059112376e+00 8.160931129016016361e-05 2.419270403354941573e-04 4.690616996842981307e-04
1.820902844251163888e+00 9.591458153857404057e-05 3.055275443055505461e-04 5.600969054459505828e-04
1.868268784049495812e+00 1.002502289701990808e-04 3.236483688352811668e-04 5.750827844058451627e-04
1.916866822671805526e+00 7.895192084363625718e-05 2.644740522988715619e-04 4.482044300129008367e-04
1.966729009888846580e+00 7.635218632097987490e-05 2.312048564127787106e-04 4.390498098675538825e-04
2.017888229160833102e+00 8.711096928766513012e-05 2.727858317078664754e-04 5.196644774526996404e-04
2.070378219323653290e+00 8.919917967260750525e-05 2.777537659782319010e-04 5.205962570081792929e-04
2.124233596839191218e+00 7.671455778116485454e-05 2.282683719284633460e-04 4.460344745853531590e-04
2.179489878624427668e+00 7.011876493832364273e-05 2.103527347751712843e-04 4.237925525227889526e-04
2.236183505474383715e+00 9.001814057350817418e-05 2.805621447367273114e-04 4.917112845069415879e-04
2.294351866094349379e+00 1.087107893956604053e-04 3.417267077933986937e-04 5.937150023753940201e-04
2.354033321757249997e+00 9.793651273434051882e-05 3.176801568280104111e-04 5.438378103514237985e-04
2.415267231602383102e+00 7.266402885104754881e-05 2.132615973087718508e-04 4.002909776117724366e-04
2.478093978592286195e+00 8.648910561459900758e-05 2.591739287613518093e-04 4.562208684648785904e-04
2.542554996144753332e+00 9.318208894342134337e-05 3.077919573251785158e-04 5.349467842072510139e-04
2.608692795457636660e+00 8.854442043704414565e-05 2.843769761413028011e-04 5.170953638151084327e-04
2.676550993544424273e+00 7.128942384348004903e-05 2.140164982798257987e-04 4.222124956171988000e-04
2.746174341999090718e+00 8.005646624778512506e-05 2.434409790237907617e-04 4.451734880592828634e-04
2.817608756509188961e+00 1.054757840839640046e-04 3.466403223132387629e-04 5.801528456093940416e-04
2.890901347136643373e+00 1.187742760953969771e-04 3.938758054739375136e-04 6.585934788467669946e-04
2.966100449386221971e+00 9.058761510081899868e-05 3.011274394412884171e-04 4.821098575648878506e-04
3.043255656082168414e+00 7.305857577209444865e-05 2.348615650853475738e-04 4.102101841210104211e-04
3.122417850074018730e+00 9.800603989969689195e-05 3.111766133626048237e-04 5.259779818867365859e-04
3.203639237793178829e+00 1.000201875756916815e-04 3.376130534809646737e-04 5.736526278444807397e-04
3.286973383682379346e+00 8.668475270307948364e-05 2.802380389195125061e-04 4.886607249640057384e-04
3.372475245520728748e+00 6.975784988216285831e-05 2.096349514710874572e-04 4.161531092524654711e-04
3.460201210667646521e+00 9.363732633519709014e-05 3.076733450569478110e-04 4.915845545660344667e-04
3.550209133249596416e+00 1.247764208950060761e-04 4.154184860361426201e-04 6.525758751829097235e-04
3.642558372314103288e+00 1.186251876091362986e-04 3.910034888334402081e-04 6.491070509883642512e-04
3.737309830976300429e+00 7.657565413642442097e-05 2.519229001046168360e-04 4.015317065415612073e-04
3.834525996583717955e+00 8.701171692910357838e-05 2.780811407318448071e-04 4.508635804245980021e-04
3.934270981925875432e+00 1.080031080640991213e-04 3.694043519997994686e-04 5.698208332648683084e-04
4.036610567515825920e+00 1.018894622507101754e-04 3.516937101512698565e-04 5.946122382978915157e-04
4.141612244971548229e+00 8.055811452204483889e-05 2.502090244747282228e-04 4.409769757368931799e-04
4.249345261525779627e+00 7.697579966574228879e-05 2.385313320109163152e-04 4.334458470796821901e-04
4.359880665693667723e+00 1.146432319458991667e-04 3.871225403482395663e-04 6.121651788872571305e-04
4.473291354128330788e+00 1.367438174199780206e-04 4.764367824490691361e-04 7.337127380266281716e-04
4.589652119695248444e+00 1.097718038486901568e-04 3.598591799702335653e-04 5.685002210703520150e-04
4.709039700797180927e+00 7.236552916791482511e-05 2.158688521630939151e-04 3.825333783284462670e-04
4.831532831982136678e+00 1.055991653945107938e-04 3.439353169852584283e-04 5.266213124034183589e-04
4.957212295867781116e+00 1.148817384915514666e-04 4.079464334863205834e-04 6.332540024660372269e-04
5.086160976416515211e+00 1.002336108232591610e-04 3.427145561123328180e-04 5.705773217603782787e-04
5.218463913596365522e+00 7.188448920183320877e-05 2.130993783641659943e-04 4.099965894094484767e-04
5.354208359463736855e+00 9.442224505388932890e-05 3.164074178341558870e-04 4.889486560586643257e-04
5.493483835704965124e+00 1.381189163248588807e-04 4.767423932302432320e-04 7.242768076442096916e-04
5.636382192674756375e+00 1.380153364985370009e-04 4.754992435224061204e-04 7.408571076575015506e-04
5.782997669970261434e+00 8.877626466510177012e-05 2.986730407101511296e-04 4.458146387036859663e-04
5.933426958580853672e+00 8.036006152059559386e-05 2.666055494746316472e-04 4.299974038340626491e-04
6.087769264654586010e+00 1.207777207717384627e-04 4.210401555313591344e-04 6.116390418052456562e-04
6.246126374923339775e+00 1.171120716492020738e-04 4.217752063290822304e-04 6.697762417594454358e-04
6.408602723829843306e+00 9.202208734094302514e-05 3.077976322736005626e-04 4.823993528649219613e-04
6.575305462400820922e+00 7.250672445626217837e-05 2.206495593430612696e-04 4.145874519926746318e-04
6.746344528911699889e+00 1.201619967384034873e-04 4.081381943517148445e-04 6.335238419061610914e-04
6.921832721389455045e+00 1.514752075479653141e-04 5.475330239615112731e-04 7.942058699716550213e-04
7.101885772001439889e+00 1.277800520642106898e-04 4.260446672028341485e-04 6.779814906706434652e-04
7.286622423379229829e+00 7.152397479076321753e-05 2.218567772543443941e-04 3.646021728309097433e-04
7.476164506927841735e+00 1.053101502045383076e-04 3.430294834965901072e-04 5.280138706722463512e-04
7.670637023171947178e+00 1.295076602076234665e-04 4.721062396628175010e-04 6.852071685077651018e-04
7.870168224192086726e+00 1.147722920544540714e-04 4.062060387116831579e-04 6.553224469215740335e-04
8.074889698205248934e+00 7.715758160530217452e-05 2.471732147989733671e-04 4.077322385064104820e-04
8.284936456345525002e+00 9.031494998348121937e-05 3.035722164311628678e-04 4.694516960756016876e-04
8.500447021702267847e+00 1.447864364082518678e-04 5.194127636212867750e-04 7.643746902625304668e-04
8.721563520674207481e+00 1.537419049611746453e-04 5.539292539440274698e-04 8.048222421095583808e-04
8.948431776699955265e+00 1.061956578838119575e-04 3.457003641525785344e-04 5.290338718214821281e-04
9.181201406426664491e+00 6.985460362614882000e-05 2.279161324349501772e-04 3.774040036798258875e-04
9.420025918380245500e+00 1.252663778635086200e-04 4.450104302545902801e-04 6.440299626912215089e-04
9.665062814202231678e+00 1.326765488853801555e-04 4.966004808587931411e-04 7.339677709599361655e-04
9.916473692520051841e+00 1.062290635677885813e-04 3.596283461406444334e-04 5.657663943257412124e-04
1.017442435551921598e+01 6.993106456050795941e-05 1.981114402220160409e-04 3.829925980958370389e-04
1.043908491828767993e+01 1.200314193325280684e-04 4.055258644384890018e-04 6.356559221335275752e-04
1.071062992100452504e+01 1.608422847522864908e-04 5.934965394015701739e-04 8.401397004121009858e-04
1.098923844404692396e+01 1.440662900585319478e-04 4.955608951689524514e-04 7.513642529674700215e-04
1.127509422609129963e+01 7.623703648198993678e-05 2.528953977018488807e-04 3.692282376218071959e-04
1.156838578528659411e+01 9.508182332850900059e-05 3.109679360173468483e-04 4.865831271558008759e-04
1.186930654357949955e+01 1.392277177202127841e-04 5.158281050274584863e-04 7.311773958280756757e-04
1.217805495427374396e+01 1.295903831222139781e-04 4.787769726576566044e-04 7.286992007094211668e-04
1.249483463290735763e+01 8.851553655573497087e-05 2.891978458974579715e-04 4.265917306247500812e-04
1.281985449153457424e+01 8.294483575072689511e-05 2.744154055715447398e-04 4.295550084133250798e-04
1.315332887650052562e+01 1.455935474165830242e-04 5.319934019618278911e-04 7.639716149419415597e-04
1.349547770979986616e+01 1.624844132947687273e-04 6.047609579160352069e-04 8.555708980213348617e-04
1.384652663411246110e+01 1.199779172071814418e-04 3.989767382640328568e-04 6.114849435796328603e-04
1.420670716161177083e+01 6.361465157065743182e-05 1.840265291518710863e-04 3.213507281135501701e-04
1.457625682664410682e+01 1.195157655539793234e-04 4.262701283885657528e-04 6.300539442214300951e-04
1.495541934237941817e+01 1.460482825113837478e-04 5.557810664045716035e-04 7.834509482995510692e-04
1.534444476153695192e+01 1.197537111299438480e-04 4.158918733974167740e-04 6.458130063465915109e-04
1.574358964129175043e+01 6.769528109406162323e-05 1.934961073694626643e-04 3.511624504025529512e-04
1.615311721247072896e+01 1.142045236557221436e-04 3.838770974030705514e-04 5.970215162466944699e-04
1.657329755314999176e+01 1.617764725337396262e-04 6.132009034843813279e-04 8.596386492882057999e-04
1.700440776676777688e+01 1.535570614265355639e-04 5.526628718209429005e-04 8.032954556226955907e-04
1.744673216487055001e+01 8.974980881503825741e-05 2.870471081858724967e-04 4.312088547796663553e-04
1.790056245461273932e+01 7.837710671527448731e-05 2.553756647964952110e-04 4.014835663990718546e-04
1.836619793113385057e+01 1.382935945350966900e-04 5.246599321279432106e-04 7.376684749804054021e-04
1.884394567493953687e+01 1.423335304859755894e-04 5.411288929335620387e-04 7.857770750888538446e-04
1.933412075441737343e+01 9.961987727980408161e-05 3.227547280571432396e-04 4.843346660479510061e-04
1.983704643362022679e+01 7.136761979265827320e-05 2.304726373077702355e-04 3.719702122335641695e-04
2.035305438545467993e+01 1.401076741194157442e-04 5.158440761430940031e-04 7.394761091552391882e-04
2.088248491041499832e+01 1.651867208929915420e-04 6.262673700972468073e-04 8.622401299944745063e-04
2.142568716100683091e+01 1.308518471164454833e-04 4.497981267941378574e-04 6.753943730371842098e-04
2.198301937200873724e+01 5.964833599029597172e-05 1.802704302891287164e-04 2.930711151439979604e-04
2.255484909672331639e+01 1.050310823203283201e-04 3.663932516313920065e-04 5.632740845013861413e-04
2.314155344937383774e+01 1.516723401651089381e-04 5.782648158938305701e-04 8.005404887542054860e-04
2.374351935380609646e+01 1.309299806786193721e-04 4.713787496549473295e-04 7.116050958585635198e-04
2.436114379865967194e+01 6.975928307890562005e-05 2.179427129906737117e-04 3.292058238048755562e-04
2.499483409917670329e+01 1.035910483631747708e-04 3.426161938988725041e-04 5.360172972783106525e-04
2.564500816582097897e+01 1.576023513446830155e-04 6.013540556107180865e-04 8.198206601162710740e-04
2.631209477988443268e+01 1.565129671837986621e-04 5.778300734279695310e-04 8.064536034096260290e-04
2.699653387626277379e+01 1.010315491970554565e-04 3.255578308281479520e-04 4.927696635348214867e-04
2.769877683358686937e+01 5.983381756414310899e-05 1.868007329002303733e-04 3.130052346168455801e-04
2.841928677190083263e+01 1.283437892043470298e-04 4.817903215283356471e-04 6.930298930859293827e-04
2.915853885808392221e+01 1.511588179163203711e-04 5.778754909377959966e-04 8.122991538234187884e-04
2.991702061921671429e+01 1.100351889928199013e-04 3.619463204664435637e-04 5.556934031576854114e-04
3.069523226409886973e+01 5.981897800436153275e-05 1.810270009623910826e-04 3.203739932112088513e-04
3.149368701313027685e+01 1.293737304779532006e-04 4.750218884382903343e-04 6.888092261025604733e-04
3.231291143677321287e+01 1.609431583408548936e-04 6.148545214292545566e-04 8.418829548048946138e-04
3.315344580281868758e+01 1.366563073393929769e-04 4.852859882713597261e-04 6.971721025979316956e-04
3.401584443268593816e+01 6.718870357603614414e-05 2.046669748448163564e-04 3.138736696350465723e-04
3.490067606699020075e+01 8.746743682887546173e-05 2.860612047911663359e-04 4.506766028416085614e-04
3.580852424061968975e+01 1.453457119577458083e-04 5.583762832319724570e-04 7.696669888140410774e-04
3.673998766756920986e+01 1.395732085092723346e-04 5.162192865205745716e-04 7.434331356058744523e-04
3.769568063578423533e+01 7.893507848289920477e-05 2.386177834559317717e-04 3.437410688280884120e-04
3.867623341227572098e+01 9.040227871918911926e-05 2.885836039032522462e-04 4.510348121626565226e-04
3.968229265877300804e+01 1.465540404857801945e-04 5.584045045182585258e-04 7.718045100850816614e-04
4.071452185818883152e+01 1.538749170998778893e-04 5.739879092650007272e-04 7.891555848961262585e-04
4.177360175217732774e+01 1.101967811348566404e-04 3.619229878188343075e-04 5.428042911154214037e-04
4.286023079007465242e+01 5.018642667319315228e-05 1.359715526324069615e-04 2.529391101508743551e-04
4.397512558951694928e+01 1.110312579803454343e-04 4.027879470135642924e-04 5.939068183921196453e-04
4.511902140904034297e+01 1.510290923672201891e-04 5.739624195013551125e-04 7.914441012543750901e-04
4.629267263297434454e+01 1.183100686707403153e-04 4.034343840603454704e-04 5.993173610078243643e-04
4.749685326894841353e+01 5.475550779046251725e-05 1.468293331101450582e-04 2.750858604467907491e-04
4.873235745833993349e+01 1.166997280290558661e-04 4.160217344633202743e-04 6.020404592117050953e-04
4.999999999999997158e+01 1.524883096968341440e-04 5.725942844127062227e-04 7.839125950885967795e-04
